559.8679809570 1
554.0794677734 1
552.2194824219 1
551.6278686523 1
549.9810180664 1
549.5401611328 1
548.1146850586 1
547.9503784180 1
546.8848266602 1
546.2875976562 1
546.1931762695 1
546.1058349609 1
544.8330688477 1
544.6970825195 1
544.2188110352 1
544.0021972656 1
543.8266601562 1
542.9515991211 1
542.4691162109 1
541.1361083984 1
540.8908081055 1
540.8901367188 1
540.3298950195 1
540.2658691406 1
539.9155883789 1
539.7355957031 1
539.5714721680 1
539.5321044922 1
539.2589721680 1
539.0293579102 1
538.5148925781 1
538.4212036133 1
538.3150024414 1
537.7143554688 1
537.6804809570 1
537.2062988281 1
537.0582275391 1
536.9890747070 1
536.9768066406 1
536.9093627930 1
536.8671875000 1
536.8569946289 1
536.5739135742 1
536.3835449219 1
535.8201904297 1
535.7046508789 1
535.6683959961 1
535.6469116211 1
535.5034790039 1
535.3942871094 1
535.3814697266 1
535.0056152344 1
534.9948120117 1
534.9729614258 1
534.7520751953 1
534.7210083008 1
533.8887329102 1
533.5372924805 1
533.3933715820 1
533.3578491211 1
533.2273559570 1
533.1764526367 1
533.1293334961 1
533.0993041992 1
533.0592041016 1
532.9226074219 1
532.8157348633 1
532.0038452148 1
531.9546508789 1
531.8692016602 1
531.7640991211 1
531.7412109375 1
531.6595458984 1
531.5569458008 1
531.5401000977 1
531.5214843750 1
531.3352050781 1
531.3170166016 1
531.0820922852 1
531.0721435547 1
531.0632934570 1
531.0460205078 1
530.8930053711 1
530.7846069336 1
530.7636108398 1
530.4957885742 1
530.2967529297 1
530.1680297852 1
529.8938598633 1
529.7902832031 1
529.7040405273 1
529.5764770508 1
529.5650024414 1
529.5563354492 1
529.4032592773 1
529.3680419922 1
529.2554931641 1
529.1929321289 1
529.1135253906 1
529.0584106445 1
528.9308471680 1
528.8444213867 1
528.3277587891 1
528.0731201172 1
528.0546264648 1
527.9326171875 1
527.8027343750 1
527.7547607422 1
527.7017822266 1
527.6964721680 1
527.6076049805 1
527.5789794922 1
527.2996826172 1
527.2733154297 1
527.2277832031 1
527.1945800781 1
527.1874389648 1
526.9819946289 1
526.9421997070 1
526.6553344727 1
526.5812988281 1
526.4775390625 1
526.4733276367 1
526.4206542969 1
526.4086303711 1
526.3992919922 1
526.3851928711 1
526.2893066406 1
526.2355346680 1
526.1973876953 1
526.1791992188 1
526.0513916016 1
526.0195922852 1
525.9280395508 1
525.7719116211 1
525.4738769531 1
525.1920166016 1
525.1613159180 1
525.1159057617 1
525.1096191406 1
525.1011352539 1
525.0170898438 1
524.9488525391 1
524.8981933594 1
524.8411254883 1
524.7048950195 1
524.4633789062 1
524.3779296875 1
524.2412109375 1
524.1649169922 1
523.9773559570 1
523.9207153320 1
523.7998657227 1
523.7014770508 1
523.6271362305 1
523.5229492188 1
523.4805908203 1
523.2627563477 1
523.1989746094 1
522.9656372070 1
522.8804321289 1
522.7972412109 1
522.7877807617 1
522.6514892578 1
522.5847167969 1
522.5432128906 1
522.4269409180 1
522.4173583984 1
522.3795166016 1
522.3212280273 1
522.2928466797 1
522.2881469727 1
522.2189331055 1
522.1476440430 1
522.1472778320 1
522.0770874023 1
522.0084838867 1
521.9776000977 1
521.8934326172 1
521.8747558594 1
521.7786865234 1
521.5454711914 1
521.5228271484 1
521.5119628906 1
521.3319091797 1
521.1381225586 1
521.1287231445 1
521.1247558594 1
521.0480957031 1
521.0176391602 1
521.0013427734 1
520.9473876953 1
520.9061279297 1
520.9028320312 1
520.8681030273 1
520.7986450195 1
520.7539062500 1
520.7446899414 1
520.7261962891 1
520.7186279297 1
520.7130737305 1
520.5707397461 1
520.5419311523 1
520.4826049805 1
520.4822998047 1
520.4036865234 1
520.3455810547 1
520.2684326172 1
520.1564941406 1
520.1220703125 1
519.9539184570 1
519.9440917969 1
519.9118652344 1
519.9088745117 1
519.7550048828 1
519.7339477539 1
519.6801147461 1
519.4110717773 1
519.3740234375 1
519.3295288086 1
519.1967773438 1
519.1446533203 1
519.1028442383 1
519.0671997070 1
519.0471191406 1
519.0258178711 1
518.9136352539 1
518.8662719727 1
518.8493041992 1
518.8285522461 1
518.7486572266 1
518.5635986328 1
518.5219116211 1
518.4890747070 1
518.4704589844 1
518.4315185547 1
518.3894042969 1
518.2182617188 1
518.1938476562 1
518.1856079102 1
518.0806884766 1
517.9825439453 1
517.9779052734 1
517.9480590820 1
517.8609619141 1
517.8242187500 1
517.7407226562 1
517.6599731445 1
517.6479492188 1
517.5571899414 1
517.5275268555 1
517.4487304688 1
517.4022216797 1
517.3889160156 1
517.3397216797 1
517.3052978516 1
517.2579956055 1
517.2183227539 1
517.2152099609 1
517.0992431641 1
517.0297241211 1
516.9457397461 1
516.9002075195 1
516.8901977539 1
516.8507690430 1
516.8436889648 1
516.8397827148 1
516.7736206055 1
516.5684204102 1
516.5682373047 1
516.5202026367 1
516.5111083984 1
516.4830322266 1
516.4691162109 1
516.4329833984 1
516.4001464844 1
516.2711181641 1
516.2067871094 1
516.1867675781 1
516.1340942383 1
516.0654907227 1
516.0197143555 1
515.8549194336 1
515.7576293945 1
515.7387695312 1
515.7128906250 1
515.6155395508 1
515.4940185547 1
515.4575805664 1
515.3915405273 1
515.3092041016 1
515.1969604492 1
515.1931152344 1
515.1156616211 1
515.0682373047 1
514.9729614258 1
514.9656982422 1
514.9391479492 1
514.9326782227 1
514.8690795898 1
514.7926025391 1
514.7041015625 1
514.6651000977 1
514.6101684570 1
514.5319824219 1
514.5253295898 1
514.4971923828 1
514.4855346680 1
514.3388671875 1
514.2792358398 1
514.2767333984 1
514.2726440430 1
514.2246093750 1
514.1294555664 1
514.0996093750 1
514.0935668945 1
514.0864868164 1
514.0755615234 1
514.0226440430 1
513.9746093750 1
513.9427490234 1
513.8076782227 1
513.7655639648 1
513.5512695312 1
513.5237426758 1
513.3447875977 1
513.3357543945 1
513.3195190430 1
513.2629394531 1
513.2010498047 1
513.1880493164 1
513.1500244141 1
513.1286010742 1
512.9396972656 1
512.9207153320 1
512.8420410156 1
512.7662353516 1
512.6016235352 1
512.5971069336 1
512.4478149414 1
512.4424438477 1
512.4025268555 1
512.3870849609 1
512.3795776367 1
512.2806396484 1
512.1300659180 1
512.0990600586 1
511.9073181152 1
511.8739013672 1
511.8083190918 1
511.7752990723 1
511.6997680664 1
511.6395568848 1
511.5341491699 1
511.4627380371 1
511.4122009277 1
511.3742065430 1
511.3451843262 1
511.3034057617 1
511.2881469727 1
511.2747192383 1
511.1168518066 1
511.1011352539 1
511.0625305176 1
511.0530700684 1
511.0307312012 1
510.9741821289 1
510.9662170410 1
510.9440002441 1
510.9297180176 1
510.9021911621 1
510.8657531738 1
510.7872314453 1
510.6242065430 1
510.5219726562 1
510.5219421387 1
510.5124511719 1
510.4403076172 1
510.3774719238 1
510.2838134766 1
510.2759094238 1
510.2329406738 1
510.2196350098 1
509.8921813965 1
509.7934570312 1
509.7431030273 1
509.6686096191 1
509.5896606445 1
509.5433044434 1
509.3595886230 1
509.3471374512 1
509.3268127441 1
509.3227539062 1
509.1355895996 1
509.1138305664 1
509.1060485840 1
508.9711608887 1
508.9521179199 1
508.9006347656 1
508.8639526367 1
508.7945861816 1
508.7804260254 1
508.7681884766 1
508.7643432617 1
508.7005310059 1
508.6839294434 1
508.6636352539 1
508.6634826660 1
508.6335449219 1
508.6206054688 1
508.6126403809 1
508.6009216309 1
508.5790405273 1
508.5465087891 1
508.5128784180 1
508.4013366699 1
508.2949829102 1
508.1736450195 1
507.9785766602 1
507.8554992676 1
507.8175354004 1
507.8159790039 1
507.7856750488 1
507.5728454590 1
507.5489501953 1
507.4933471680 1
507.4850769043 1
507.4348144531 1
507.4340515137 1
507.3450012207 1
507.3286743164 1
507.1725769043 1
507.0368957520 1
507.0285644531 1
506.9925537109 1
506.9714660645 1
506.7896728516 1
506.7353210449 1
506.7335205078 1
506.6831665039 1
506.5527343750 1
506.5439453125 1
506.4075622559 1
506.3846435547 1
506.3515930176 1
506.3233947754 1
506.2852172852 1
506.2669372559 1
506.2127685547 1
506.1496582031 1
506.1350402832 1
506.1347351074 1
506.1191406250 1
506.1037597656 1
506.0309448242 1
505.9331970215 1
505.8502807617 1
505.7827758789 1
505.7813110352 1
505.7399291992 1
505.6979675293 1
505.6909179688 1
505.6752929688 1
505.6504211426 1
505.4402160645 1
505.4373168945 1
505.4212646484 1
505.3075866699 1
505.2901000977 1
505.2844848633 1
505.1885375977 1
505.1577758789 1
505.1401367188 1
505.1204833984 1
504.8132629395 1
504.7875366211 1
504.7496337891 1
504.6404724121 1
504.5370788574 1
504.3914489746 1
504.3786315918 1
504.3595886230 1
504.3162841797 1
504.2156066895 1
504.1950073242 1
504.0909118652 1
504.0709228516 1
504.0370178223 1
504.0310668945 1
503.6764831543 1
503.6654968262 1
503.5834350586 1
503.5802612305 1
503.3879089355 1
503.3802185059 1
503.3606567383 1
503.2979125977 1
503.2894897461 1
503.1677551270 1
503.1593933105 1
503.1563415527 1
503.1242980957 1
503.0990600586 1
503.0559997559 1
503.0186157227 1
503.0012817383 1
502.9983215332 1
502.9736633301 1
502.9651184082 1
502.9106445312 1
502.8820495605 1
502.8605957031 1
502.8519897461 1
502.8231506348 1
502.7820129395 1
502.7109985352 1
502.7086791992 1
502.6998291016 1
502.6481018066 0
502.6342163086 1
502.5212402344 1
502.4954833984 1
502.4951782227 1
502.3551025391 1
502.3484191895 1
502.3383178711 1
502.2852478027 1
502.0989685059 1
501.9419555664 1
501.8346557617 1
501.7956237793 1
501.7390747070 1
501.6864013672 1
501.6267395020 1
501.5479736328 1
501.4787292480 1
501.4282836914 1
501.4274291992 1
501.3481140137 1
501.3354492188 1
501.2784729004 1
501.0334472656 1
500.9802856445 1
500.9621887207 1
500.9441833496 1
500.9163513184 1
500.8974609375 1
500.8346252441 1
500.6891174316 1
500.6777648926 1
500.6050720215 1
500.6004943848 1
500.5830383301 1
500.5654296875 1
500.5622253418 1
500.4924926758 1
500.4813232422 1
500.2397460938 1
500.2128906250 1
500.2019958496 1
500.1250000000 1
500.0845947266 1
500.0458374023 1
500.0060119629 1
500.0011901855 1
499.9655761719 1
499.8113708496 1
499.7591857910 1
499.6571044922 1
499.6497192383 1
499.6404418945 1
499.6266479492 1
499.6250610352 1
499.6189880371 1
499.5433959961 1
499.4710693359 1
499.4105224609 1
499.4034423828 1
499.3365783691 1
499.2788085938 1
499.2201843262 1
499.1861267090 1
499.1502380371 1
499.1477661133 1
499.1112976074 1
499.0078125000 1
498.9334411621 1
498.9262695312 1
498.9114379883 1
498.6746826172 1
498.6735534668 1
498.4499511719 1
498.2966613770 0
498.2282409668 1
498.1980285645 1
498.1671447754 1
498.1067810059 1
498.0945129395 0
498.0617065430 1
498.0079650879 1
497.9515686035 1
497.8439331055 1
497.8235778809 1
497.8054809570 1
497.6909790039 1
497.6342163086 1
497.6233215332 1
497.6185607910 0
497.6036682129 0
497.5556945801 1
497.5456237793 1
497.4787902832 1
497.4678039551 1
497.4134216309 1
497.3427429199 1
497.3322448730 1
497.3176574707 1
497.2709655762 1
497.2553710938 1
497.2088928223 0
497.0714721680 1
497.0708312988 1
497.0574035645 1
497.0235900879 1
497.0151977539 1
497.0082092285 1
496.9965515137 1
496.9592285156 1
496.7378845215 1
496.6618041992 1
496.6594848633 1
496.6014709473 1
496.5713500977 1
496.5505065918 1
496.4130859375 1
496.3945007324 1
496.3828125000 1
496.3699035645 1
496.3451232910 1
496.3348999023 1
496.3291015625 1
496.2825622559 1
496.2369384766 1
496.2230529785 1
496.1943664551 1
496.1100158691 1
496.0968017578 1
496.0740051270 1
496.0355224609 1
495.9724731445 1
495.9239807129 1
495.7876892090 1
495.7360839844 1
495.7215270996 1
495.7054138184 1
495.6080627441 1
495.5910644531 1
495.5442810059 1
495.4934082031 1
495.4871215820 1
495.4400634766 1
495.3068542480 1
495.2277832031 1
495.2261962891 1
495.2214355469 1
495.2066650391 1
495.1070556641 1
495.0487060547 1
495.0484313965 1
495.0162048340 1
494.9398193359 1
494.9219665527 1
494.9052429199 1
494.8807067871 1
494.8389587402 1
494.8219604492 1
494.7897644043 0
494.7046203613 1
494.6229248047 1
494.6021118164 1
494.5730285645 1
494.5668029785 1
494.5652770996 1
494.5077819824 1
494.4770507812 1
494.4403991699 1
494.4183654785 1
494.3629455566 1
494.3447875977 1
494.3411254883 1
494.2753295898 1
494.2209777832 0
494.2072143555 1
494.1337280273 1
494.0994567871 1
494.0941467285 1
494.0712280273 1
494.0525207520 1
493.9765319824 1
493.9526977539 1
493.9400024414 1
493.9111328125 1
493.7756042480 1
493.7239379883 1
493.7041625977 1
493.6823425293 1
493.6808471680 1
493.6455688477 1
493.5232238770 1
493.5058288574 1
493.4567871094 1
493.4539489746 0
493.4257507324 1
493.3468017578 1
493.2778015137 1
493.2124938965 1
493.2119750977 1
493.1240844727 1
493.1183471680 1
493.0080566406 1
492.9864807129 1
492.9308776855 1
492.7670593262 1
492.7231750488 1
492.5888977051 1
492.5839233398 1
492.5182800293 1
492.4941711426 1
492.4686889648 1
492.3117980957 1
492.3004760742 1
492.2710571289 1
492.2345886230 1
492.1542053223 1
492.0619506836 1
491.9929809570 1
491.9401550293 1
491.9278869629 1
491.9222106934 1
491.8715209961 0
491.8035278320 1
491.8015441895 1
491.7333984375 1
491.6932983398 1
491.6383972168 1
491.6270751953 1
491.6169128418 1
491.5316772461 1
491.5271606445 1
491.4601745605 1
491.3287353516 1
491.3205871582 1
491.1826782227 1
491.1825561523 1
491.1743774414 1
491.0897216797 1
491.0476684570 1
491.0449218750 0
491.0056457520 1
491.0011291504 1
490.8980712891 1
490.8859558105 1
490.8596496582 1
490.8175354004 1
490.7237854004 0
490.7210998535 0
490.7198791504 0
490.7170715332 0
490.6331176758 1
490.6186828613 1
490.5992736816 1
490.5809020996 1
490.5562133789 1
490.5177917480 1
490.5170593262 1
490.4719848633 1
490.4687194824 1
490.4137268066 1
490.4136047363 0
490.3175354004 1
490.2740783691 1
490.2028503418 1
490.1760559082 0
490.0355834961 1
490.0147094727 1
489.9190673828 1
489.8850402832 1
489.8754272461 0
489.8752441406 1
489.7745971680 1
489.6425476074 1
489.6270141602 0
489.6157226562 1
489.5042724609 1
489.4948120117 1
489.4536132812 1
489.3601989746 1
489.3541564941 1
489.2400817871 1
489.2062683105 0
489.2005920410 1
489.1674804688 1
488.9749450684 1
488.9461669922 1
488.8809204102 1
488.7622070312 1
488.7577514648 1
488.6922607422 1
488.5666503906 1
488.4893188477 1
488.4825439453 1
488.4483337402 0
488.2682189941 1
488.2467041016 1
488.1657409668 1
488.1366882324 0
488.0036010742 0
487.9270629883 1
487.9128723145 1
487.8396301270 0
487.8348083496 1
487.7672119141 0
487.7323303223 1
487.6876831055 1
487.5509033203 1
487.5020141602 1
487.4730529785 1
487.3587036133 1
487.3446960449 0
487.3313598633 1
487.3233032227 0
487.2925720215 0
487.1288452148 1
487.0844726562 1
487.0005187988 1
486.9089965820 1
486.8357849121 1
486.8168640137 0
486.8150329590 1
486.6977539062 1
486.6922912598 1
486.6756896973 1
486.4425048828 1
486.4159545898 1
486.2098999023 0
486.1670532227 0
486.1409301758 0
486.1286315918 1
486.0992736816 1
486.0867004395 1
485.9936218262 1
485.9770202637 1
485.8379821777 1
485.8341674805 1
485.8228454590 1
485.7683105469 1
485.7042236328 1
485.6797790527 1
485.6432189941 1
485.5944213867 1
485.4712829590 1
485.4572448730 1
485.4356994629 1
485.2502136230 0
485.2001037598 1
485.0932312012 1
485.0416870117 1
485.0247497559 0
485.0050354004 1
484.8857727051 1
484.8424987793 1
484.7868652344 1
484.7530822754 1
484.6305847168 0
484.6196289062 1
484.5315856934 1
484.4901123047 0
484.4221496582 1
484.3639526367 0
484.3604431152 1
484.3276062012 1
484.3085632324 1
484.2695312500 0
484.2532958984 1
484.2291870117 1
484.1969604492 1
484.1407775879 1
484.1064453125 1
484.1004943848 1
484.0252685547 1
483.9869689941 0
483.9216308594 1
483.7410888672 1
483.6957397461 1
483.6739807129 1
483.6719055176 0
483.3988952637 1
483.2821655273 1
483.1595764160 1
483.0721435547 1
482.9327392578 1
482.8960876465 1
482.7721862793 0
482.7543640137 0
482.6896362305 1
482.6385192871 0
482.5677795410 1
482.5408020020 1
482.5390930176 0
482.4569091797 0
482.4193725586 0
482.2379760742 1
482.2248229980 1
482.2247924805 0
482.1852111816 0
482.1435852051 0
482.1043395996 0
482.0996093750 1
481.9242248535 1
481.9144287109 1
481.8884277344 0
481.7367248535 1
481.7073059082 1
481.6853637695 0
481.6354980469 1
481.5767822266 1
481.4603576660 0
481.4223937988 1
481.4000244141 1
481.3598022461 1
481.3373413086 1
481.2856445312 1
481.1398925781 1
481.1253051758 0
481.0656127930 1
480.9690551758 1
480.8975830078 1
480.7402648926 1
480.6367797852 0
480.6004333496 1
480.5716247559 1
480.5237731934 0
480.4603271484 0
480.4018554688 0
480.3272399902 0
480.2471313477 1
480.0773315430 0
480.0294799805 1
480.0060729980 1
479.9774475098 0
479.8456115723 1
479.8374023438 1
479.8249511719 1
479.7038269043 0
479.7007446289 0
479.3945312500 0
479.2781372070 0
479.1055908203 0
478.9777832031 0
478.9679565430 1
478.8786315918 1
478.7694396973 0
478.6866455078 1
478.6861572266 1
478.6311340332 1
478.5784301758 1
478.5031433105 1
478.4674682617 0
478.4114379883 1
478.2317504883 1
478.0966491699 1
477.9790344238 1
477.9272460938 0
477.8169860840 0
477.8013916016 1
477.6885681152 1
477.5744018555 1
477.5300598145 0
477.5079650879 0
477.4900207520 0
477.3622741699 0
477.3528747559 1
477.1336059570 0
477.0897827148 1
476.9796447754 0
476.9741516113 0
476.8116760254 0
476.7477111816 1
476.7221679688 1
476.6965637207 0
476.6721191406 1
476.6409912109 0
476.6191101074 0
476.4812622070 0
476.4670104980 1
476.4559020996 0
476.4220581055 0
476.4136352539 1
476.3219604492 0
476.1968078613 1
476.1418762207 0
475.8248291016 1
475.6821899414 1
475.5736389160 0
475.4981384277 0
475.4888610840 0
475.4573059082 1
475.4227294922 1
475.3548278809 1
475.3058776855 0
475.1916503906 0
475.1701965332 0
475.1077575684 1
474.9945373535 1
474.7832031250 1
474.6753540039 0
474.6084289551 1
474.5894165039 1
474.5404968262 1
474.3988952637 0
474.3935241699 0
474.3251037598 1
474.2973327637 0
474.2365417480 1
474.2261047363 0
473.9161071777 0
473.7087707520 1
473.7010498047 0
473.6622009277 1
473.6365661621 1
473.4592895508 0
473.3052062988 0
473.1689453125 0
473.0668640137 1
473.0412597656 0
472.9627685547 0
472.9519042969 0
472.8453979492 0
472.7814636230 0
472.7656555176 0
472.7466430664 1
472.6445617676 1
472.3707885742 0
472.3401489258 1
472.2955322266 1
472.2434692383 1
472.1988830566 0
472.1854248047 0
471.9730224609 1
471.9517211914 0
471.8988342285 0
471.8438720703 0
471.8107299805 0
471.8073120117 1
471.7667541504 1
471.6875610352 0
471.6826782227 1
471.6253356934 1
471.5480651855 0
471.4667358398 1
471.3301391602 0
471.2765197754 0
471.1478576660 0
471.1112976074 0
471.0185241699 0
471.0078430176 0
470.8181457520 0
470.7326965332 0
470.6936645508 0
470.6804199219 0
470.5942382812 0
470.5426635742 1
470.4899597168 1
470.3118286133 0
470.3109741211 1
470.2442016602 0
470.2335815430 0
470.2319335938 0
470.0662536621 0
469.9050598145 0
469.8995971680 0
469.8893127441 0
469.8685607910 0
469.8432312012 0
469.6831359863 0
469.5717468262 0
469.5041198730 0
469.4561157227 0
469.1376647949 0
469.0542297363 1
469.0382080078 0
469.0208740234 0
468.9055480957 0
468.7989196777 1
468.1255798340 0
467.9645690918 0
467.7435607910 1
467.7118225098 0
467.6685791016 1
467.6627807617 0
467.6427612305 1
467.5159301758 0
467.5112304688 0
467.1939392090 0
467.0695190430 1
466.8942871094 0
466.7872619629 0
466.7648925781 1
466.7344360352 0
466.6522827148 0
466.5682983398 0
466.5482788086 0
466.4898376465 0
466.3226928711 0
466.2336730957 1
466.1755371094 1
466.1067810059 0
466.0795593262 0
466.0688781738 0
466.0435791016 0
465.9183044434 1
465.8739929199 0
465.8118286133 0
465.7754821777 0
465.7285461426 1
465.6842651367 0
465.6637573242 0
465.6552124023 0
465.6363525391 0
465.4869689941 1
465.3360595703 0
465.3019409180 0
465.2838439941 0
465.0455322266 0
465.0330810547 1
465.0133666992 0
464.9879760742 1
464.9408874512 0
464.7681884766 0
464.5598144531 0
464.5394287109 0
464.5183715820 0
464.4778442383 0
464.4712219238 0
464.3261413574 1
464.2810668945 0
464.2355041504 0
464.1035156250 1
464.0643615723 0
464.0361022949 0
463.7843933105 0
463.7207641602 0
463.6542663574 0
463.3075561523 0
463.1996154785 0
462.8930358887 0
462.7008361816 0
462.5675964355 0
462.5669555664 0
462.5624694824 1
462.5486755371 0
462.4745178223 0
462.4658813477 1
461.7036437988 0
461.6451416016 0
461.5578613281 0
461.5505371094 0
461.5494995117 0
461.5244140625 0
461.5131530762 0
461.5101623535 0
461.4157409668 0
461.2798156738 1
461.1997375488 0
461.0428161621 0
460.7822875977 0
460.6044006348 0
460.3977050781 0
460.2815246582 0
460.2773437500 1
460.2113037109 0
460.1941223145 0
460.1713867188 0
459.7024536133 0
459.3523559570 1
459.1718139648 0
459.0570373535 0
458.9478149414 0
458.7771911621 0
458.7716369629 0
458.3943176270 0
458.3437805176 0
458.3387756348 0
458.2484130859 0
458.0554504395 0
458.0305786133 0
457.9016418457 1
457.8802490234 0
457.8192443848 1
457.7698364258 1
457.7556152344 0
457.5839843750 1
457.4826049805 0
457.4786987305 0
457.4457702637 0
457.3700561523 0
457.3580932617 0
457.3397216797 0
457.2867431641 0
457.2164611816 0
457.0923767090 0
456.6940612793 1
456.4304199219 0
456.1286010742 0
456.0534973145 0
455.7971191406 1
455.7620239258 0
455.7290649414 1
455.6555480957 0
455.5903625488 0
455.5394897461 0
455.4432678223 1
455.2962646484 0
455.2589416504 0
455.1906433105 1
454.6697387695 0
454.6685485840 0
454.6455993652 1
454.5107727051 0
454.3383483887 0
454.2559509277 0
454.0860900879 0
453.9954528809 0
453.9705200195 0
453.8723144531 1
453.8141479492 0
453.6929931641 0
453.4035339355 1
453.0875549316 0
452.9028930664 0
452.8984680176 0
452.8750915527 0
452.5995788574 0
452.3758850098 1
452.3164062500 1
452.1321716309 1
452.1043701172 0
452.0076293945 0
451.9519958496 1
451.5461120605 0
451.1083679199 0
450.8186950684 0
450.8180847168 0
450.7603454590 0
450.7193908691 0
450.5866088867 0
450.4454650879 0
450.3417968750 0
450.2705688477 1
450.2637939453 0
450.2402343750 0
450.1038513184 0
449.9758911133 0
449.9057922363 0
449.6293640137 0
449.4519348145 0
449.2109069824 0
449.1575622559 0
449.1492614746 0
449.0483093262 1
448.7303466797 0
448.7164001465 1
448.6698913574 0
448.5702514648 1
448.5092468262 0
448.2954406738 0
448.2933349609 0
448.1001281738 0
448.0230712891 1
448.0172424316 0
448.0018920898 0
447.9335937500 0
447.7529602051 0
447.6958618164 0
447.6603088379 0
447.4355773926 0
447.4220886230 0
447.3885498047 0
447.3833923340 0
447.2623291016 1
447.2562561035 0
446.8034057617 0
446.6781005859 0
446.5452575684 1
446.5099792480 0
446.1343383789 0
446.1299438477 0
446.0151367188 0
445.9816589355 0
445.9478149414 0
445.9248657227 0
445.8017272949 0
445.6489868164 1
445.5876464844 0
445.5229797363 0
445.4223632812 0
445.0952758789 1
445.0250549316 0
444.8379821777 0
444.6506652832 0
444.4824829102 0
444.4136657715 0
444.3253479004 0
444.2975158691 0
444.1604309082 0
443.9301147461 0
443.7762451172 0
443.6809692383 0
443.6368103027 0
443.6352539062 0
443.5989074707 0
443.5888977051 0
443.3179016113 0
443.1557617188 0
443.1181335449 0
442.7748107910 0
442.6787719727 0
442.4312744141 0
442.3323364258 0
442.1668701172 0
442.1659545898 0
442.0962829590 0
441.8558044434 0
441.8061523438 1
441.7383117676 0
441.6376342773 0
441.5603942871 1
441.1636657715 0
441.0360717773 0
440.7566528320 1
440.6287536621 0
440.6150512695 0
440.4617919922 0
440.2298278809 0
440.1719970703 0
440.1491088867 0
440.0411376953 0
439.8537902832 0
439.8405761719 0
439.7852478027 0
439.6449584961 0
439.6148986816 1
439.5778503418 0
439.4775390625 0
439.4299011230 0
439.4144287109 0
439.4007263184 0
439.2867736816 0
439.0780944824 0
439.0339660645 0
438.8896179199 1
438.8038330078 0
438.7178649902 0
438.6052856445 0
438.6045227051 0
438.5703735352 1
438.5327453613 0
438.4388732910 0
438.3663940430 0
438.2788085938 0
437.8710021973 0
437.8659667969 0
437.7710876465 0
437.6875000000 0
437.5167541504 0
437.3048095703 0
437.2489318848 1
437.1698608398 1
437.1321105957 0
437.0830383301 0
437.0177001953 0
436.6236877441 0
436.5328063965 0
436.4047546387 0
436.2153015137 0
435.8561401367 0
435.8232116699 0
435.3782958984 0
435.2537231445 0
434.9161682129 0
434.4455566406 0
434.3790283203 0
434.2047729492 0
434.1365661621 0
434.1316528320 1
434.0145263672 1
433.5626525879 0
433.5072326660 0
433.3494262695 1
433.1029052734 0
433.0408935547 0
432.6455993652 0
432.6355590820 0
432.5976562500 0
432.3559265137 0
432.2370300293 0
432.1605529785 0
432.0190734863 0
431.6148376465 0
431.5597839355 0
431.4910888672 0
431.3042907715 0
431.0122680664 0
430.9880065918 0
430.8228149414 0
430.8227233887 0
430.7909851074 0
430.6926269531 0
430.3534545898 0
430.0854492188 0
430.0221862793 0
429.9922790527 0
429.9513244629 1
429.8143310547 1
429.5069274902 0
429.0211791992 0
429.0126647949 0
429.0078430176 0
428.9905090332 0
428.9533691406 0
428.9094848633 0
428.6123962402 1
428.5738220215 0
428.5593261719 0
428.5382385254 0
428.3874511719 0
428.0068054199 0
427.6513671875 0
427.3641967773 1
427.1901245117 0
427.0468750000 0
426.9213867188 0
426.8272399902 0
426.6341552734 0
426.4114990234 0
426.3270568848 0
426.2952270508 0
426.1730041504 0
426.1361694336 1
426.0242004395 0
425.8814392090 0
425.8782653809 0
425.7859191895 0
425.7549743652 0
425.6088562012 0
425.5959167480 0
425.3184814453 0
425.1407470703 0
424.8123168945 1
424.6896362305 0
424.5938110352 0
424.4860534668 0
424.4393920898 0
424.2234191895 0
423.6826477051 0
423.6575927734 1
423.5783386230 1
423.5289916992 0
423.0290222168 0
422.7775573730 0
422.7703552246 0
422.7604675293 0
422.6069641113 0
422.5007019043 0
422.2577819824 0
422.2087707520 0
422.1357727051 0
422.1095275879 0
421.8899841309 0
421.5138854980 0
421.3827209473 1
421.3336181641 0
421.2831420898 0
421.1911010742 0
421.1104125977 0
420.7707519531 0
420.5888366699 0
420.4478759766 1
420.1328735352 0
420.0247497559 0
419.9543762207 1
419.5432434082 0
419.3383483887 0
419.3207702637 0
419.0171508789 0
418.0518493652 0
417.8578186035 0
417.0201110840 0
416.7583007812 0
416.7402343750 1
415.6693115234 0
415.3329162598 0
415.0608520508 0
413.8220520020 0
413.7111816406 0
412.7507934570 0
411.4525146484 0
411.3069763184 0
410.3716430664 0
410.2468872070 0
409.9065246582 1
409.8343200684 0
409.5234985352 0
409.2107238770 0
409.1961975098 0
408.8362426758 0
408.4138793945 0
408.2537841797 0
407.8982543945 0
407.2849426270 0
407.1147155762 1
406.9990234375 1
406.8052978516 1
406.6932067871 0
406.5447387695 0
406.3733215332 0
405.8703613281 1
405.6877136230 0
405.5569152832 0
404.1859436035 1
403.5257873535 1
403.5118408203 0
402.9396667480 0
402.3948669434 0
402.2922058105 0
402.1621704102 0
402.0601806641 0
401.8269958496 0
401.2597961426 0
400.9053649902 0
400.7734375000 0
400.1198120117 0
400.0906066895 0
399.5657958984 0
399.4990234375 0
398.6944274902 0
398.6503601074 0
398.2400207520 1
397.9671936035 0
397.8881530762 0
397.7204284668 0
397.5935363770 0
397.4082031250 1
396.0147094727 0
395.9362182617 0
395.3420410156 0
395.2649536133 0
394.4358825684 0
394.2954406738 1
393.8812255859 0
393.7143554688 0
392.1742553711 0
391.8600158691 0
391.5418090820 1
391.3365173340 0
391.2912292480 1
391.2476501465 0
391.2384643555 0
390.3564758301 0
389.3240051270 0
389.2112731934 0
387.6221008301 1
387.5917358398 1
386.4121398926 1
386.2085876465 0
386.1760864258 0
386.1456909180 0
384.8583068848 0
384.8460083008 1
384.8194580078 0
384.7609863281 1
384.0205688477 0
383.5352783203 0
383.2645874023 1
383.1623535156 0
383.1527099609 1
382.4514160156 0
382.3057250977 0
381.5527954102 0
381.2117309570 1
381.0695190430 0
379.9754943848 0
379.8614807129 0
379.6622619629 0
379.0853271484 1
378.8593444824 0
377.5567626953 0
376.3717956543 0
376.0926818848 1
375.9835815430 1
375.7081909180 0
375.6878967285 0
375.1348266602 0
374.8968200684 0
374.7236938477 0
374.7079772949 0
373.9268493652 0
373.7300415039 1
373.3114013672 0
373.1862792969 0
372.7131347656 0
371.7416992188 0
371.6497192383 0
371.5591735840 1
371.1513366699 0
370.7461853027 0
370.6634216309 1
368.9154968262 0
366.5810852051 0
366.1564636230 0
365.2092895508 0
364.7248840332 0
364.6321105957 0
364.0178527832 0
362.9705200195 0
362.7879028320 0
362.6099243164 1
362.0317687988 0
361.3840026855 1
360.8368225098 0
359.9518737793 0
359.7307739258 0
359.2689514160 0
358.0621337891 1
357.6623840332 1
357.0923156738 0
356.2803344727 0
355.8613281250 0
355.8231201172 0
355.1092834473 0
354.8512878418 0
354.8051452637 1
354.7766113281 1
353.9604797363 1
353.5608215332 0
351.8362426758 0
351.5892333984 0
351.2044372559 1
350.8083801270 0
350.7281799316 0
349.8140258789 1
349.7169189453 1
349.5423889160 1
349.5165710449 0
349.2879943848 1
348.5124816895 0
347.7431945801 0
347.3222656250 0
347.0402526855 1
346.9677429199 1
346.3106994629 0
345.8922424316 0
345.4233703613 0
343.5575866699 0
343.2299499512 0
343.2027282715 0
341.9399108887 0
341.7432861328 0
341.7154235840 0
341.1434326172 0
340.2669677734 0
339.0889892578 1
338.5980529785 0
338.2048034668 0
338.1520996094 0
338.0293579102 0
337.8200378418 0
337.7211914062 0
337.3412780762 0
336.8817749023 0
336.4311218262 1
335.2254638672 0
334.5574645996 0
334.3670349121 0
334.2822265625 0
334.1508178711 0
333.0722656250 0
332.8507690430 0
332.8376159668 0
332.4384155273 0
331.9275207520 0
331.0453186035 0
330.9579162598 1
330.0293273926 0
329.5097351074 1
328.7065124512 0
328.6045227051 0
327.0786743164 1
326.7827453613 1
325.5113525391 0
324.1123657227 0
323.7346801758 1
322.9749145508 0
322.8715515137 1
322.8091735840 1
322.6622924805 1
322.5489807129 0
322.2187805176 1
317.4367675781 0
317.0753173828 0
317.0430297852 0
314.6695556641 1
314.3477478027 0
312.3209228516 0
311.5743713379 0
310.8380126953 0
310.4179382324 0
309.5687866211 1
309.2612915039 0
308.8509216309 0
307.7179565430 0
305.6010742188 0
305.3354492188 1
304.7886047363 1
303.3782958984 0
302.3515319824 0
301.0922851562 1
300.3997497559 0
299.7427368164 1
298.3104248047 1
297.1241455078 0
295.7490844727 1
295.3989562988 0
295.1205139160 0
295.0319824219 0
293.8283691406 0
293.3642272949 0
293.2526855469 0
292.1608276367 1
290.7636108398 0
290.5097045898 0
288.9270629883 1
288.1734008789 0
287.6056518555 0
287.3161010742 0
286.3017272949 1
286.0237426758 0
285.1597900391 1
284.8684387207 1
284.2013854980 0
283.4389038086 1
281.5489501953 1
280.5815429688 1
279.9214477539 0
277.8636779785 0
277.7210083008 1
277.1052551270 1
275.7879333496 0
274.5944213867 0
274.5465698242 1
274.4766845703 1
273.1012268066 0
272.5205993652 1
271.5622863770 0
271.1105957031 0
270.6211242676 0
269.0991516113 0
268.6237182617 1
268.0917968750 0
266.1703796387 0
265.7631835938 0
265.7503662109 0
264.9097900391 0
261.5275573730 1
260.5983581543 1
260.5823364258 0
260.2456054688 0
259.1952514648 0
259.0647583008 0
258.5849914551 0
257.5926818848 0
257.4903259277 1
257.1772155762 0
255.9728393555 0
254.2089233398 1
253.1792297363 0
251.3994293213 0
250.6788177490 1
250.2378692627 0
247.4927978516 0
246.5503692627 0
245.8137512207 0
245.1024932861 0
243.6846618652 0
241.4783477783 0
240.8550567627 0
240.7648010254 0
240.1334381104 0
239.7008361816 0
239.6626434326 1
239.2279357910 1
238.7515258789 0
237.8122711182 1
237.4355163574 1
237.1256408691 0
236.7677154541 0
235.1891784668 0
232.7310791016 0
232.1038208008 0
231.1902770996 0
228.9857788086 0
228.9517669678 0
228.9182281494 0
228.5869445801 0
226.3495483398 0
225.5095825195 0
224.5052490234 0
224.3744506836 0
223.6169891357 0
222.5832061768 0
220.7671356201 0
220.1807861328 0
219.7904815674 0
218.6689910889 0
218.5069732666 0
217.2705993652 0
211.7772369385 0
211.4797668457 0
209.4919433594 0
207.5969085693 0
207.5028991699 0
206.5678558350 0
206.2511901855 0
205.4505310059 0
203.6336059570 0
199.8885803223 0
196.0653533936 0
192.2342376709 0
191.9866180420 0
191.4446868896 0
188.1909332275 0
188.0458068848 0
186.8985443115 0
185.6962280273 0
184.8684539795 0
182.2170867920 0
176.4185943604 0
175.4039611816 0
174.1562500000 0
164.3278350830 0
164.1349639893 0
157.3490295410 0
156.0399017334 0
155.1904144287 0
151.2517700195 0
147.6168975830 0
128.4709014893 0
104.8345260620 0
103.5905532837 0
94.7651290894 0
93.5962753296 0
81.4286117554 0
