4170 2969
4001 2979
3905 2906
3759 2889
3768 2894
3707 2902
4109 3202
4137 3238
3753 2882
3454 2408
3973 3196
3778 2900
3990 3206
4386 3518
3754 3166
3780 2654
3773 2898
4241 3496
4114 3205
4201 2519
4179 2975
4160 2961
4163 2964
4174 2972
3681 2898
4280 3523
4392 3525
4389 3522
3776 2652
4133 3498
3831 2693
3827 2690
4383 3514
3904 2903
3974 3202
4121 3212
4131 3227
3850 2490
3909 2499
3751 3159
4127 3216
3666 2835
3777 2652
4088 3452
4087 3302
4104 3197
3793 2907
3910 2501
3821 3242
4361 3752
3552 3258
3789 2657
4486 4218
