556.5397338867 1
534.4995117188 1
497.0830688477 1
487.4150390625 1
487.1672973633 1
486.7117309570 1
484.8093566895 1
460.1589050293 1
458.9707641602 1
456.3696594238 1
452.4191589355 1
451.4230041504 1
448.7769165039 1
446.3668518066 1
443.0038452148 1
442.9830322266 1
442.9577331543 1
441.7015075684 1
439.9398193359 1
439.5978088379 1
435.4628906250 1
434.7713012695 1
428.0600280762 1
424.0387878418 1
423.6932373047 1
423.2280883789 1
422.2782592773 1
421.1426086426 1
420.0194091797 1
419.8142089844 1
417.9222412109 1
417.2585754395 1
416.7885131836 1
416.0808715820 1
414.8027343750 1
413.6263427734 1
413.5403442383 1
411.2521972656 1
409.1951904297 1
408.6032104492 1
407.7141418457 1
407.6924743652 1
406.7899169922 1
406.4234313965 1
406.1885375977 1
404.3419189453 1
403.6966247559 1
401.6034240723 1
397.4499206543 1
396.8303833008 1
395.6519470215 1
394.4203491211 1
393.9362182617 1
393.5410461426 1
386.4417419434 1
385.2812500000 1
383.2184753418 1
378.9239196777 1
375.8759155273 1
370.7766723633 1
369.1391601562 1
365.1312255859 1
348.6289672852 1
321.2359619141 1
313.7266235352 1
310.6570434570 1
279.4759216309 1
270.3527832031 0
269.0746154785 0
266.4410705566 0
262.8701171875 0
262.3336791992 0
258.9877319336 0
256.6105041504 0
253.3781585693 0
249.8408660889 0
247.8002777100 0
245.7228240967 0
244.5561828613 1
243.6514892578 0
239.0062408447 0
238.4085540771 0
237.0288085938 0
236.4910583496 1
233.9007873535 0
232.8570404053 1
232.3424835205 0
231.7236938477 0
212.4208831787 0
209.4866180420 1
205.5345611572 1
179.8193664551 0
137.4562988281 0
134.6806945801 0
132.2214660645 0
123.9295730591 0
123.1808166504 0
122.3345642090 0
85.6165618896 0
64.9087600708 0
63.3281745911 0
40.4576721191 0
