7370 4160
5934 2491
120 130
116 128
7101 3001
6479 2819
115 127
114 126
78 87
112 124
111 123
48 48
80 89
59 62
6679 2846
7119 3006
7139 3567
84 93
32 62
113 125
7132 2780
557 510
6678 2766
7178 2798
6618 2765
7125 3654
7134 3011
7260 2819
7793 4209
192 212
191 211
7124 3564
6804 3564
27 34
7100 3000
7181 3297
122 134
24 34
763 664
7165 3293
502 458
744 675
764 667
146 166
810 732
504 459
6766 2718
6798 3924
6674 3094
6565 3111
5757 3529
6617 3002
354 319
400 360
5837 3619
5974 3089
5111 4027
6263 3619
