216.1395416260 1
215.9981384277 1
215.8981475830 1
215.6045074463 1
215.5516357422 1
215.5098724365 1
215.5041503906 1
215.5030212402 1
215.4834594727 1
215.4398956299 1
215.4382476807 1
215.3943939209 1
215.3825225830 1
215.2323150635 1
215.2241210938 1
215.1246337891 1
214.9375000000 1
214.9300384521 1
214.8840026855 1
214.7830963135 1
214.7580261230 1
214.6757507324 1
214.6492919922 1
214.6175537109 1
214.6081695557 1
214.6077575684 1
214.5272369385 1
214.4916534424 1
214.4746093750 1
214.3979187012 1
214.3960571289 1
214.3596649170 1
214.3495025635 1
214.3383941650 1
214.3242340088 1
214.1957550049 1
214.1576232910 1
214.0163269043 1
213.8951568604 1
213.8525848389 1
213.7667999268 1
213.7333526611 1
213.7028503418 1
213.6978454590 1
213.6886444092 1
213.6607208252 1
213.6300811768 1
213.5562286377 1
213.4960937500 1
213.4645996094 1
213.4405212402 1
213.3893737793 1
213.3406524658 1
213.2247314453 1
213.1277008057 1
213.0996398926 1
213.0892333984 1
213.0716857910 1
213.0543975830 1
213.0370330811 1
213.0146026611 1
213.0074768066 1
212.8835906982 1
212.8338775635 1
212.8182373047 1
212.8100891113 1
212.8024597168 1
212.7881011963 1
212.7085266113 1
212.6981506348 1
212.6947937012 1
212.6803894043 1
212.6752929688 1
212.6716613770 1
212.6699371338 1
212.6690979004 1
212.6135711670 1
212.5308380127 1
212.5178985596 1
212.4871826172 1
212.4665374756 1
212.4529571533 1
212.4445495605 1
212.4371337891 1
212.4252014160 1
212.2713317871 1
212.2541809082 1
212.2216644287 1
212.1659088135 1
212.1609802246 1
212.1581420898 1
212.1143341064 1
212.1138458252 1
212.0943603516 1
212.0038909912 1
212.0014190674 1
211.8936157227 1
211.8518676758 1
211.8508758545 1
211.8492889404 1
211.7989044189 1
211.7867279053 1
211.7426910400 1
211.7364654541 1
211.7265777588 1
211.7054748535 1
211.6538085938 1
211.6518096924 1
211.6085205078 1
211.6033477783 1
211.5937347412 1
211.5626068115 1
211.5527648926 1
211.4232482910 1
211.3113250732 1
211.3068695068 1
211.2989349365 1
211.2577514648 1
211.2279663086 1
211.1971588135 1
211.1926879883 1
211.1674957275 1
211.1256866455 1
211.1118164062 1
211.0978851318 1
211.0953216553 1
211.0639495850 1
211.0200195312 1
211.0025787354 1
210.9090423584 1
210.8884735107 1
210.8646087646 1
210.7909545898 1
210.7669677734 1
210.7662658691 1
210.7218627930 1
210.7158355713 1
210.7151947021 1
210.7143402100 1
210.7120361328 1
210.7036285400 1
210.6517333984 1
210.6329803467 1
210.6287536621 1
210.6258087158 1
210.6121368408 1
210.6111602783 1
210.5905456543 1
210.5598449707 1
210.5575714111 1
210.5502777100 1
210.4872589111 1
210.4610443115 1
210.4576263428 1
210.4570465088 1
210.4105987549 1
210.3992614746 1
210.3845367432 1
210.3628082275 1
210.3412322998 1
210.3357086182 1
210.3029327393 1
210.2773742676 1
210.2624053955 1
210.2336273193 1
210.1977233887 1
210.1953277588 1
210.1765899658 1
210.1569061279 1
210.1541900635 1
210.0705261230 1
209.9328002930 1
209.9263610840 1
209.9029846191 1
209.8933105469 1
209.8904418945 1
209.8588867188 1
209.8163299561 1
209.7778167725 1
209.7489166260 1
209.7315673828 1
209.7141571045 1
209.7087860107 1
209.6951751709 1
209.6323394775 1
209.6279144287 1
209.5978698730 1
209.5793762207 1
209.5672149658 1
209.5371704102 1
209.5203857422 1
209.5202331543 1
209.5180969238 1
209.4839324951 1
209.4665527344 1
209.4059906006 1
209.4015502930 1
209.3967132568 1
209.3821411133 1
209.3607482910 1
209.3405609131 1
209.2630767822 1
209.2527465820 1
209.2451171875 1
209.2353820801 1
209.2214202881 1
209.2146911621 1
209.1664733887 1
209.1593322754 1
209.1554260254 1
209.1511383057 1
209.1184692383 1
209.1170501709 1
209.0706176758 1
209.0596313477 1
208.9960327148 1
208.9518280029 1
208.9220581055 1
208.9065399170 1
208.8354492188 1
208.8292083740 1
208.8271942139 1
208.8079376221 1
208.7965850830 1
208.7910308838 1
208.7778167725 1
208.7210388184 1
208.7109527588 1
208.7025299072 1
208.6786804199 1
208.6760864258 1
208.6756439209 1
208.6636962891 1
208.6143951416 1
208.6020812988 1
208.5561981201 1
208.5514526367 1
208.5308074951 1
208.5152130127 1
208.5138549805 1
208.5041656494 1
208.4803009033 1
208.4793243408 1
208.4520416260 1
208.4464263916 1
208.3517456055 1
208.3410797119 1
208.3318634033 1
208.3280944824 1
208.3030395508 1
208.2598266602 1
208.2314453125 1
208.1841888428 1
208.1784515381 1
208.1586608887 1
208.1159057617 1
208.0839538574 1
208.0761871338 1
208.0202026367 1
208.0193634033 1
208.0160675049 1
208.0058746338 1
207.9476470947 1
207.9460754395 1
207.9375000000 1
207.9111938477 1
207.8953704834 1
207.8717346191 1
207.8594360352 1
207.8475341797 1
207.8210754395 1
207.8139495850 1
207.8070373535 1
207.7720947266 1
207.7610778809 1
207.7602081299 1
207.7587585449 1
207.7419433594 1
207.7286529541 1
207.7190093994 1
207.7166137695 1
207.7117614746 1
207.7027893066 1
207.6953277588 1
207.6627349854 1
207.6074066162 1
207.6038513184 1
207.6020812988 1
207.5581665039 1
207.5563049316 1
207.5464477539 1
207.4654083252 1
207.4649810791 1
207.4570922852 1
207.4449157715 1
207.4094543457 1
207.3893127441 1
207.3734436035 1
207.3696441650 1
207.3677062988 1
207.3330688477 1
207.3222961426 1
207.3072509766 1
207.3027801514 1
207.2673187256 1
207.2565460205 1
207.2502746582 1
207.2466735840 1
207.2324371338 1
207.1031036377 1
207.0957489014 1
207.0912933350 1
207.0772399902 1
207.0511169434 1
207.0376281738 1
207.0178833008 1
206.9977569580 1
206.9967193604 1
206.9946289062 1
206.9942626953 1
206.9842224121 1
206.9318237305 1
206.9230804443 1
206.8791961670 1
206.8192443848 1
206.8188323975 1
206.8185729980 1
206.7995605469 1
206.7827148438 1
206.7750091553 1
206.7721405029 1
206.7430114746 1
206.7287597656 1
206.7135162354 1
206.6868743896 1
206.6545562744 1
206.6388854980 1
206.5919494629 1
206.5726776123 1
206.5572967529 1
206.5340728760 1
206.5107574463 1
206.4565734863 1
206.4378356934 1
206.3944091797 1
206.3779449463 1
206.3623199463 1
206.3306579590 1
206.3116149902 1
206.3107910156 1
206.2829742432 1
206.2759552002 1
206.2719573975 1
206.2698822021 1
206.2561492920 1
206.2427978516 1
206.2418518066 1
206.2378997803 1
206.2346954346 1
206.2143249512 1
206.2021331787 1
206.1802978516 1
206.1586151123 1
206.1487579346 1
206.1136932373 1
206.1135101318 1
206.1107177734 1
206.0890350342 1
206.0413055420 1
206.0401763916 1
206.0321044922 1
206.0102844238 1
206.0065155029 1
206.0004882812 1
205.9983520508 1
205.9940643311 1
205.9442291260 1
205.9180145264 1
205.8887786865 1
205.8369293213 1
205.8284912109 1
205.8027343750 1
205.7876739502 1
205.7773132324 1
205.7580108643 1
205.7418212891 1
205.7218780518 1
205.7020416260 1
205.6987762451 1
205.6515808105 1
205.6052398682 1
205.6020050049 1
205.5920715332 1
205.5811309814 1
205.5714416504 1
205.5703582764 1
205.5336456299 1
205.4983215332 1
205.4981079102 1
205.4852752686 1
205.4541168213 1
205.4511871338 1
205.4332122803 1
205.4222106934 1
205.3983764648 1
205.3722534180 1
205.3664398193 1
205.3630523682 1
205.3629302979 1
205.3423004150 1
205.3215026855 1
205.3032684326 1
205.2969207764 1
205.2879943848 1
205.2865753174 1
205.2644500732 1
205.2600555420 1
205.2196502686 1
205.1561584473 1
205.1182708740 1
205.0880279541 1
205.0493316650 1
204.9893188477 1
204.9742126465 1
204.9459991455 1
204.9280090332 1
204.9207305908 1
204.9206390381 1
204.9164886475 1
204.9152832031 1
204.8796081543 1
204.8409423828 1
204.8022766113 1
204.8000030518 1
204.7961273193 1
204.7680816650 1
204.7600860596 1
204.7545776367 1
204.7530670166 1
204.7463989258 1
204.7065734863 1
204.7043151855 1
204.6953277588 1
204.6878814697 1
204.6691741943 1
204.6399841309 1
204.6357269287 1
204.6295166016 1
204.6097106934 1
204.6064758301 1
204.5644378662 1
204.5555725098 1
204.5449829102 1
204.5406341553 1
204.5395965576 1
204.5348968506 1
204.5244598389 1
204.4824218750 1
204.4705047607 1
204.4603729248 1
204.4509124756 1
204.4505462646 1
204.4381408691 1
204.4375762939 1
204.4052581787 1
204.3682403564 1
204.3635253906 1
204.3514862061 1
204.3489227295 1
204.3356781006 1
204.3231353760 1
204.3162536621 1
204.2934570312 1
204.2666320801 1
204.2616882324 1
204.2606506348 1
204.2499847412 1
204.2440185547 1
204.1930694580 1
204.1796569824 1
204.1706237793 1
204.1672058105 1
204.1491546631 1
204.1426849365 1
204.1315612793 1
204.1284637451 1
204.1164398193 1
204.1002655029 1
204.0872497559 1
204.0857696533 1
204.0538330078 1
204.0361938477 1
204.0048370361 1
204.0000152588 1
203.9993286133 1
203.9969482422 1
203.9949645996 1
203.9828948975 1
203.9596252441 1
203.9583129883 1
203.9538574219 1
203.9447937012 1
203.9279632568 1
203.9098052979 1
203.8966217041 1
203.8764953613 1
203.8755798340 1
203.8686370850 1
203.8659820557 1
203.8528442383 1
203.8501739502 1
203.8313140869 1
203.8234252930 1
203.8207702637 1
203.8040008545 1
203.7899932861 1
203.7831878662 1
203.7809295654 1
203.7642517090 1
203.7359771729 1
203.7231445312 1
203.6799468994 1
203.6745300293 1
203.6677398682 1
203.6583709717 1
203.6541748047 1
203.6479949951 1
203.6206665039 1
203.6076354980 1
203.6072387695 1
203.6064758301 1
203.5970153809 1
203.5863647461 1
203.5614318848 1
203.5266571045 1
203.5079193115 1
203.5002441406 1
203.4868927002 1
203.4844818115 1
203.4781341553 1
203.4729919434 1
203.4693603516 1
203.4614410400 1
203.4579010010 1
203.4447631836 1
203.4428100586 1
203.4330596924 1
203.4285430908 1
203.3863677979 1
203.3725433350 1
203.3490447998 1
203.3477783203 1
203.3279418945 1
203.3274078369 1
203.3218994141 1
203.3017730713 1
203.2965393066 1
203.2871246338 1
203.2584533691 1
203.2521362305 1
203.2281341553 1
203.2277832031 1
203.2233428955 1
203.2172698975 1
203.2154693604 1
203.1992797852 1
203.1762390137 1
203.1671142578 1
203.1302032471 1
203.1132049561 1
203.0818939209 1
203.0723876953 1
203.0682373047 1
203.0631408691 1
203.0564575195 1
203.0520172119 1
203.0325317383 1
203.0322570801 1
203.0016479492 1
202.9889831543 1
202.9660339355 1
202.9537353516 1
202.9502716064 1
202.9391784668 1
202.9376525879 1
202.8924865723 1
202.8815917969 1
202.8751983643 1
202.8701629639 1
202.8462066650 1
202.8266601562 1
202.8195495605 1
202.7796020508 1
202.7481079102 1
202.7469787598 1
202.7341613770 1
202.7222595215 1
202.7178039551 1
202.7173156738 1
202.6782836914 1
202.6401519775 1
202.6265258789 1
202.6181182861 1
202.6101379395 1
202.5934753418 1
202.5912933350 1
202.5796051025 1
202.5700531006 1
202.5372772217 1
202.5212249756 1
202.5193176270 1
202.4740753174 1
202.4253082275 1
202.4208831787 1
202.4148254395 1
202.4091796875 1
202.3766021729 1
202.3743896484 1
202.3735198975 1
202.3731689453 1
202.3687896729 1
202.3551940918 1
202.3117828369 1
202.2906494141 1
202.2906036377 1
202.2778625488 1
202.2546691895 1
202.2485504150 1
202.2386474609 1
202.2334594727 1
202.2219085693 1
202.2095947266 1
202.1905059814 1
202.1786499023 1
202.1776885986 1
202.1464080811 1
202.1422882080 1
202.1416320801 1
202.1160583496 1
202.1074066162 1
202.1052703857 1
202.0949554443 1
202.0907287598 1
202.0756225586 1
202.0461273193 1
202.0069885254 1
201.9576873779 1
201.9507904053 1
201.9341583252 1
201.9191894531 1
201.8873901367 1
201.8693847656 1
201.8506469727 1
201.8304748535 1
201.7998352051 1
201.7829589844 1
201.7792663574 1
201.7469940186 1
201.7424468994 1
201.7400665283 1
201.7378234863 1
201.7303924561 1
201.7291870117 1
201.7166442871 1
201.7068786621 1
201.7019500732 1
201.6896057129 1
201.6865692139 1
201.6783752441 1
201.6563568115 1
201.6446380615 1
201.6327056885 1
201.6283264160 1
201.6236419678 1
201.6183624268 1
201.6059265137 1
201.6026000977 1
201.5932617188 1
201.5855102539 1
201.5801391602 1
201.5613555908 1
201.5475158691 1
201.5072021484 1
201.4556579590 1
201.4138488770 1
201.4122924805 1
201.3887634277 1
201.3744506836 1
201.3619079590 1
201.3050994873 1
201.2906646729 1
201.2861938477 1
201.2734375000 1
201.2698822021 1
201.2125244141 1
201.2065124512 1
201.0879364014 1
201.0722503662 1
201.0266571045 1
201.0099029541 1
200.9899444580 1
200.9764862061 1
200.9720001221 1
200.9473419189 1
200.9403533936 1
200.9264831543 1
200.9107666016 1
200.8922576904 1
200.8812561035 1
200.8736114502 1
200.8404693604 1
200.8379821777 1
200.8350219727 1
200.8340606689 1
200.8188781738 1
200.7916870117 1
200.7597503662 1
200.7460632324 1
200.7414245605 1
200.6997833252 1
200.6854095459 1
200.6753387451 1
200.6727905273 1
200.6717834473 1
200.6497192383 1
200.6250457764 1
200.6074523926 1
200.5878753662 1
200.5809478760 1
200.5759124756 1
200.5446777344 1
200.5202636719 1
200.5157012939 1
200.5105133057 1
200.5037384033 1
200.4713439941 1
200.4699401855 1
200.4689025879 1
200.4368438721 1
200.4229888916 1
200.4160614014 1
200.4003448486 1
200.3978118896 1
200.3861236572 1
200.3700256348 1
200.3507995605 1
200.3429260254 1
200.2382049561 1
200.2371673584 1
200.2026672363 1
200.1696624756 1
200.1577758789 1
200.1400604248 1
200.1340332031 1
200.1134185791 1
200.0753326416 1
200.0521697998 1
200.0231628418 1
200.0139007568 1
199.9754791260 1
199.9675598145 1
199.9258117676 1
199.9131622314 1
199.8820648193 1
199.8731689453 1
199.8651428223 1
199.8277130127 1
199.8148956299 1
199.8098144531 1
199.7920989990 1
199.7880554199 1
199.7866363525 1
199.7777252197 1
199.7412872314 1
199.7351226807 1
199.7278594971 1
199.7248992920 1
199.7233276367 1
199.7040863037 1
199.6943359375 1
199.6804199219 1
199.6409606934 1
199.6268157959 1
199.5997619629 1
199.5697631836 1
199.5639190674 1
199.5566558838 1
199.5449218750 1
199.5350341797 1
199.5340423584 1
199.5205688477 1
199.4692535400 1
199.4691314697 1
199.4624328613 1
199.4315795898 1
199.3681182861 1
199.2964782715 1
199.2878112793 1
199.2795562744 1
199.2771759033 1
199.2761230469 1
199.2699127197 1
199.2676391602 1
199.2460632324 1
199.2375030518 1
199.2201538086 1
199.2100677490 1
199.1898193359 1
199.1894073486 1
199.1851043701 1
199.1791687012 1
199.1499786377 1
199.1364440918 1
199.1341094971 1
199.1308593750 1
199.1297760010 1
199.1107330322 1
199.0839233398 1
199.0811004639 1
199.0796966553 1
199.0721282959 1
198.9658660889 1
198.9584655762 1
198.9483795166 1
198.9471282959 1
198.9452514648 1
198.9194030762 1
198.9166259766 1
198.9159545898 1
198.8738250732 1
198.8582916260 1
198.8245697021 1
198.8193969727 1
198.8082733154 1
198.8037719727 1
198.7892608643 1
198.7580261230 1
198.7480010986 1
198.7423553467 1
198.7380523682 1
198.7253875732 1
198.7221679688 1
198.7068939209 1
198.6935729980 1
198.6919860840 1
198.6863250732 1
198.6773376465 1
198.6685180664 1
198.6577758789 1
198.6465911865 1
198.6275787354 1
198.6271209717 1
198.6027221680 1
198.5433197021 1
198.5305786133 1
198.5289306641 1
198.5206298828 1
198.4859924316 1
198.4824981689 1
198.4574584961 1
198.4399719238 1
198.4314422607 1
198.4298400879 1
198.3997497559 1
198.3944091797 1
198.3934478760 1
198.3886108398 1
198.3866119385 1
198.3580932617 1
198.3553466797 1
198.3429260254 1
198.3268280029 1
198.3260955811 1
198.3257141113 1
198.3168182373 1
198.3145294189 1
198.3030853271 1
198.2920989990 1
198.2910919189 1
198.2901611328 1
198.2847137451 1
198.2723541260 1
198.2694854736 1
198.2644653320 1
198.2640380859 1
198.2560272217 1
198.2501068115 1
198.2472686768 1
198.2330322266 1
198.2321472168 1
198.2293853760 1
198.1971282959 1
198.1845703125 1
198.1807708740 1
198.1755828857 1
198.1475219727 1
198.1392974854 1
198.1363372803 1
198.1322021484 1
198.1288146973 1
198.1280975342 1
198.1092681885 1
198.1076049805 1
198.1073455811 1
198.1042480469 1
198.0930633545 1
198.0907897949 1
198.0898132324 1
198.0787200928 1
198.0650634766 1
198.0526275635 1
198.0482482910 1
198.0342407227 1
198.0192108154 1
198.0187835693 1
198.0084381104 1
198.0042572021 1
197.9952545166 1
197.9826049805 1
197.9803924561 1
197.9605102539 1
197.9504699707 1
197.9455261230 1
197.9446563721 1
197.9441528320 1
197.9210968018 1
197.8971710205 1
197.8785858154 1
197.8686370850 1
197.8642120361 1
197.8530731201 1
197.8501739502 1
197.8463745117 1
197.8404846191 1
197.8167724609 1
197.7686920166 1
197.7679138184 1
197.7565307617 1
197.7388763428 1
197.7326965332 1
197.7295379639 1
197.7109832764 1
197.7029266357 1
197.6873931885 1
197.6862182617 1
197.6674499512 1
197.6496276855 1
197.6430511475 1
197.6422424316 1
197.6419219971 1
197.6395416260 1
197.6380310059 1
197.6252593994 1
197.6120910645 1
197.6117095947 1
197.5947113037 1
197.5931854248 1
197.5876464844 1
197.5718536377 1
197.5618896484 1
197.5573883057 1
197.5510864258 1
197.5412139893 1
197.5406799316 1
197.5386810303 1
197.5385894775 1
197.5276031494 1
197.5249023438 1
197.5073089600 1
197.4981231689 1
197.4792022705 1
197.4768371582 1
197.4763336182 1
197.4688873291 1
197.4685516357 1
197.4662475586 1
197.4442291260 1
197.4207305908 1
197.4070434570 1
197.4069824219 1
197.3805389404 1
197.3726959229 1
197.3572387695 1
197.3564147949 1
197.3500213623 1
197.3468170166 1
197.3335266113 1
197.3327636719 1
197.3301086426 1
197.3046569824 1
197.2939758301 1
197.2939453125 1
197.2896118164 1
197.2855224609 1
197.2794494629 1
197.2741546631 1
197.2595520020 1
197.2585601807 1
197.2557525635 1
197.2432556152 1
197.2416687012 1
197.2366790771 1
197.2217102051 1
197.2209014893 1
197.2176208496 1
197.2152404785 1
197.2126617432 1
197.2118377686 1
197.2111206055 1
197.2078247070 1
197.1663665771 1
197.1632385254 1
197.1398162842 1
197.1380157471 1
197.1269531250 1
197.1237792969 1
197.1116943359 1
197.1074829102 1
197.1030120850 1
197.1023712158 1
197.0853118896 1
197.0510253906 1
197.0271148682 1
197.0256805420 1
197.0055541992 1
196.9959259033 1
196.9955902100 1
196.9824981689 1
196.9753723145 1
196.9663391113 1
196.9579772949 1
196.9503479004 1
196.9175872803 1
196.9129791260 1
196.9007568359 1
196.8875885010 1
196.8872222900 1
196.8665161133 1
196.8625640869 1
196.8598175049 1
196.8519287109 1
196.8493957520 1
196.8432769775 1
196.8285064697 1
196.8262634277 1
196.8226165771 1
196.8053741455 1
196.8038024902 1
196.8021545410 1
196.7778930664 1
196.7746276855 1
196.7612304688 1
196.7553710938 1
196.7193908691 1
196.7162475586 1
196.6992187500 1
196.6966247559 1
196.6940155029 1
196.6923522949 1
196.6914062500 1
196.6725006104 1
196.6542053223 1
196.6093444824 1
196.5920257568 1
196.5848846436 1
196.5709533691 1
196.5559997559 1
196.5487518311 1
196.5476226807 1
196.5463867188 1
196.5343017578 1
196.5135650635 1
196.5093994141 1
196.5078430176 1
196.4933166504 1
196.4849700928 1
196.4698944092 1
196.4698638916 1
196.4697723389 1
196.4605102539 1
196.4603729248 1
196.4520263672 1
196.4477233887 1
196.4363861084 1
196.4278259277 1
196.4265289307 1
196.4230041504 1
196.4192504883 1
196.4140014648 1
196.4089813232 1
196.4031524658 1
196.3992004395 1
196.3975372314 1
196.3933563232 1
196.3914794922 1
196.3851470947 1
196.3640594482 1
196.3561248779 1
196.3484802246 1
196.3343811035 1
196.3332519531 1
196.3296813965 1
196.3296203613 1
196.3284912109 1
196.3207550049 1
196.2375793457 1
196.2247161865 1
196.2027587891 1
196.2017974854 1
196.1681213379 1
196.1496124268 1
196.1439208984 1
196.1431732178 1
196.1327514648 1
196.1264495850 1
196.1262664795 1
196.1258544922 1
196.1254577637 1
196.1200256348 1
196.0809783936 1
196.0804443359 1
196.0796508789 1
196.0762481689 1
196.0697326660 1
196.0534210205 1
196.0485382080 1
196.0463104248 1
196.0357208252 1
196.0310363770 1
196.0288543701 1
196.0124664307 1
196.0030670166 1
195.9881591797 1
195.9761352539 1
195.9721069336 1
195.9620208740 1
195.9376373291 1
195.9353179932 1
195.9306945801 1
195.9236145020 1
195.9045867920 1
195.8827362061 1
195.8650054932 1
195.8632202148 1
195.8581085205 1
195.8512420654 1
195.8500366211 1
195.8477935791 1
195.8437957764 1
195.8413085938 1
195.8400573730 1
195.8341827393 1
195.8173370361 1
195.8098297119 1
195.7930145264 1
195.7872314453 1
195.7866821289 1
195.7818450928 1
195.7715148926 1
195.7693939209 1
195.7665252686 1
195.7658233643 1
195.7575225830 1
195.7556915283 1
195.7406921387 1
195.7382965088 1
195.7333679199 1
195.7242126465 1
195.7170715332 1
195.7118988037 1
195.7081146240 1
195.6980590820 1
195.6973571777 1
195.6768035889 1
195.6577606201 1
195.6562805176 1
195.6551971436 1
195.6545867920 1
195.6541900635 1
195.6484832764 1
195.6417999268 1
195.6268463135 1
195.6196136475 1
195.6164245605 1
195.6038055420 1
195.5865173340 1
195.5816955566 1
195.5710144043 1
195.5707550049 1
195.5648803711 1
195.5590515137 1
195.5499572754 1
195.5464782715 1
195.5366210938 1
195.5325164795 1
195.5201721191 1
195.5116882324 1
195.5066528320 1
195.4483947754 1
195.4482421875 1
195.4402465820 1
195.4333801270 1
195.4197540283 1
195.4138641357 1
195.4108276367 1
195.4041900635 1
195.3859405518 1
195.3847351074 1
195.3839721680 1
195.3830718994 1
195.3695373535 1
195.3591461182 1
195.3585205078 1
195.3445739746 1
195.3406677246 1
195.3265380859 1
195.3216857910 1
195.3155364990 1
195.3101501465 1
195.2968139648 1
195.2964477539 1
195.2854156494 1
195.2806549072 1
195.2754669189 1
195.2598724365 1
195.2594757080 1
195.2324371338 1
195.2235260010 1
195.2214508057 1
195.2100524902 1
195.2096557617 1
195.2084960938 1
195.2028503418 1
195.1878051758 1
195.1872253418 1
195.1861267090 1
195.1855773926 1
195.1840362549 1
195.1776885986 1
195.1764221191 1
195.1716156006 1
195.1594848633 1
195.1395416260 1
195.1378173828 1
195.1341705322 1
195.1225585938 1
195.1173095703 1
195.1155853271 1
195.1146697998 1
195.1096191406 1
195.0968627930 1
195.0817413330 1
195.0810241699 1
195.0767517090 1
195.0667266846 1
195.0414276123 1
195.0412292480 1
195.0315399170 1
195.0268554688 1
195.0150909424 1
194.9948425293 1
194.9884643555 1
194.9862518311 1
194.9809722900 1
194.9808044434 1
194.9585876465 1
194.9563751221 1
194.9442443848 1
194.9431915283 1
194.9419097900 1
194.9090576172 1
194.9057312012 1
194.9009094238 1
194.8945922852 1
194.8766937256 1
194.8748321533 1
194.8691558838 1
194.8577728271 1
194.8564147949 1
194.8519439697 1
194.8427276611 1
194.8419189453 1
194.8415222168 1
194.8404083252 1
194.8392791748 1
194.8382873535 1
194.8382568359 1
194.8136138916 1
194.8062286377 1
194.8004302979 1
194.7920379639 1
194.7813110352 1
194.7728576660 1
194.7687988281 1
194.7658081055 1
194.7620849609 1
194.7480621338 1
194.7355346680 1
194.7109832764 1
194.7082519531 1
194.6833190918 1
194.6772308350 1
194.6541137695 1
194.6413574219 1
194.6261596680 1
194.6234893799 1
194.6121826172 1
194.6101379395 1
194.5881042480 1
194.5843353271 1
194.5769958496 1
194.5706481934 1
194.5705108643 1
194.5596923828 1
194.5534820557 1
194.5489349365 1
194.5344543457 1
194.5272979736 1
194.5178985596 1
194.5119934082 1
194.5100250244 1
194.5072021484 1
194.4984893799 1
194.4939117432 1
194.4824066162 1
194.4724426270 1
194.4667358398 1
194.4664611816 1
194.4630584717 1
194.4468688965 1
194.4375915527 1
194.4362640381 1
194.4051971436 1
194.3950805664 1
194.3749694824 1
194.3696136475 1
194.3579101562 1
194.3491821289 1
194.3485870361 1
194.3479614258 1
194.3443450928 1
194.3402709961 1
194.3348236084 1
194.3336944580 1
194.3114013672 1
194.3013458252 1
194.2913055420 1
194.2905883789 1
194.2861633301 1
194.2854766846 1
194.2815246582 1
194.2698516846 1
194.2606658936 1
194.2580108643 1
194.2278442383 1
194.2273712158 1
194.2211914062 1
194.2209320068 1
194.2156982422 1
194.1877746582 1
194.1737060547 1
194.1670989990 1
194.1622924805 1
194.1395416260 1
194.1273345947 1
194.1262207031 1
194.1175842285 1
194.1081237793 1
194.0986480713 1
194.0985107422 1
194.0944976807 1
194.0840606689 1
194.0775146484 1
194.0630950928 1
194.0497131348 1
194.0493011475 1
194.0481567383 1
194.0471038818 1
194.0449066162 1
194.0328979492 1
194.0325012207 1
194.0307922363 1
194.0252838135 1
194.0200653076 1
194.0092010498 1
194.0049438477 1
193.9897613525 1
193.9858093262 1
193.9820556641 1
193.9744415283 1
193.9699249268 1
193.9653625488 1
193.9441223145 1
193.9370727539 1
193.9334106445 1
193.9249420166 1
193.9158172607 1
193.9062805176 1
193.9053344727 1
193.9008026123 1
193.8560333252 1
193.8485107422 1
193.8354492188 1
193.8289031982 1
193.7725830078 1
193.7667846680 1
193.7449951172 1
193.7368164062 1
193.7216186523 1
193.7128906250 1
193.7004547119 1
193.6751403809 1
193.6729736328 1
193.6673278809 1
193.6606292725 1
193.6414184570 1
193.6286163330 1
193.6186981201 1
193.6074218750 1
193.6073150635 1
193.5964813232 1
193.5946655273 1
193.5865020752 1
193.5794982910 1
193.5621032715 1
193.5617218018 1
193.5599212646 1
193.5503387451 1
193.5482940674 1
193.5303344727 1
193.5299377441 1
193.5257110596 1
193.5173187256 1
193.5160980225 1
193.5092010498 1
193.5083923340 1
193.5063629150 1
193.4939880371 1
193.4905395508 1
193.4845275879 1
193.4688568115 1
193.4648742676 1
193.4488830566 1
193.4473571777 1
193.4432983398 1
193.4128265381 1
193.4062957764 1
193.3879394531 1
193.3661956787 1
193.3659820557 1
193.3615722656 1
193.3416137695 1
193.3392791748 1
193.3337554932 1
193.3310546875 1
193.3297576904 1
193.3228759766 1
193.3094787598 1
193.3021850586 1
193.2978820801 1
193.2909240723 1
193.2757720947 1
193.2665405273 1
193.2627868652 1
193.2453460693 1
193.2170562744 1
193.2158050537 1
193.2138214111 1
193.2015228271 1
193.2006225586 1
193.1984100342 1
193.1946716309 1
193.1869964600 1
193.1816253662 1
193.1812896729 1
193.1739959717 1
193.1508178711 1
193.1474761963 1
193.1359252930 1
193.1343994141 1
193.1318054199 1
193.1274871826 1
193.1165466309 1
193.0986938477 1
193.0950622559 1
193.0749511719 1
193.0594329834 1
193.0491790771 1
193.0443725586 1
193.0244445801 1
193.0223541260 1
193.0216064453 1
193.0152282715 1
193.0131530762 1
193.0054473877 1
193.0045623779 1
193.0040893555 1
193.0034484863 1
192.9922790527 1
192.9586639404 1
192.9550781250 1
192.9368286133 1
192.9360351562 1
192.9353637695 1
192.9293518066 1
192.9039459229 1
192.8916625977 1
192.8852233887 1
192.8817138672 1
192.8679809570 1
192.8478088379 1
192.8468322754 1
192.8419952393 1
192.8417358398 1
192.8392181396 1
192.8314056396 1
192.8262176514 1
192.8237762451 1
192.8168487549 1
192.8060455322 1
192.8011932373 1
192.7898101807 1
192.7845001221 1
192.7669830322 1
192.7614288330 1
192.7435302734 1
192.7172851562 1
192.7008056641 1
192.6754913330 1
192.6721191406 1
192.6445770264 1
192.6423034668 1
192.6383361816 1
192.6379241943 1
192.6360321045 1
192.6118927002 1
192.6110076904 1
192.6034545898 1
192.5961608887 1
192.5948181152 1
192.5876617432 1
192.5690765381 1
192.5434570312 1
192.5401306152 1
192.5325469971 1
192.5256652832 1
192.5214538574 1
192.5182037354 1
192.5148773193 1
192.5064697266 1
192.5053863525 1
192.5023040771 1
192.4950103760 1
192.4944152832 1
192.4872436523 1
192.4845886230 1
192.4790649414 1
192.4653320312 1
192.4635162354 1
192.4632110596 1
192.4628601074 1
192.4495391846 1
192.4493865967 1
192.4449462891 1
192.4379730225 1
192.4279022217 1
192.4269714355 1
192.4226379395 1
192.4200744629 1
192.4186096191 1
192.4174041748 1
192.4156646729 1
192.4066772461 1
192.3982086182 1
192.3966674805 1
192.3964233398 1
192.3633422852 1
192.3553924561 1
192.3531188965 1
192.3506011963 1
192.3284301758 1
192.3264770508 1
192.3261566162 1
192.3175811768 1
192.3091278076 1
192.2775268555 1
192.2660369873 1
192.2646331787 1
192.2632293701 1
192.2520294189 1
192.2454376221 1
192.2371368408 1
192.2316741943 1
192.2314758301 1
192.2236938477 1
192.2141418457 1
192.2122802734 1
192.2104492188 1
192.1986541748 1
192.1916046143 1
192.1913757324 1
192.1599426270 1
192.1596679688 1
192.1509704590 1
192.1431274414 1
192.1288146973 1
192.1230773926 1
192.1170959473 1
192.0671386719 1
192.0501556396 1
192.0460815430 1
192.0343475342 1
192.0311737061 1
192.0260772705 1
192.0252075195 1
192.0072174072 1
192.0045928955 1
191.9986114502 1
191.9977111816 1
191.9958343506 1
191.9817657471 1
191.9775085449 1
191.9690856934 1
191.9659423828 1
191.9604949951 1
191.9567413330 1
191.9566955566 1
191.9392547607 1
191.9338684082 1
191.9270172119 1
191.9165802002 1
191.9136047363 1
191.9104156494 1
191.8903808594 1
191.8835144043 1
191.8742980957 1
191.8724822998 1
191.8699188232 1
191.8693389893 1
191.8670806885 1
191.8534851074 1
191.8508453369 1
191.8503875732 1
191.8418426514 1
191.8390045166 1
191.8327484131 1
191.8307647705 1
191.8214416504 1
191.8196411133 1
191.8178558350 1
191.8135070801 1
191.8045043945 1
191.7910308838 1
191.7758178711 1
191.7682037354 1
191.7674560547 1
191.7664031982 1
191.7648468018 1
191.7591552734 1
191.7538299561 1
191.7398986816 1
191.7391052246 1
191.7359771729 1
191.7333374023 1
191.7311248779 1
191.7196502686 1
191.7178497314 1
191.7083587646 1
191.7013854980 1
191.6950225830 1
191.6914825439 1
191.6864166260 1
191.6743164062 1
191.6663055420 1
191.6485137939 1
191.6086883545 1
191.5913391113 1
191.5857849121 1
191.5831451416 1
191.5721588135 1
191.5589904785 1
191.5581665039 1
191.5498352051 1
191.5308227539 1
191.5301208496 1
191.5151214600 1
191.5067138672 1
191.4940490723 1
191.4863891602 1
191.4735870361 1
191.4735717773 1
191.4733276367 1
191.4731292725 1
191.4703826904 1
191.4611206055 1
191.4508209229 1
191.4493865967 1
191.4413452148 1
191.4396209717 1
191.4382019043 1
191.4233856201 1
191.4206542969 1
191.4182128906 1
191.4135284424 1
191.4031219482 1
191.4002380371 1
191.3975372314 1
191.3945007324 1
191.3782806396 1
191.3780517578 1
191.3746643066 1
191.3572082520 1
191.3480072021 1
191.3455047607 1
191.3406066895 1
191.3405456543 1
191.3063507080 1
191.2922210693 1
191.2758636475 1
191.2707061768 1
191.2695465088 1
191.2674865723 1
191.2561645508 1
191.2422943115 1
191.2218475342 1
191.2122039795 1
191.2103424072 1
191.2068328857 1
191.1839294434 1
191.1731567383 1
191.1619567871 1
191.1607971191 1
191.1537017822 1
191.1435089111 1
191.1392364502 1
191.1363677979 1
191.1314239502 1
191.1282653809 1
191.1243591309 1
191.1123809814 1
191.1092071533 1
191.1054229736 1
191.0895996094 1
191.0772399902 1
191.0758056641 1
191.0678863525 1
191.0504608154 1
191.0453186035 1
191.0398406982 1
191.0355224609 1
191.0305175781 1
191.0142974854 1
190.9806518555 1
190.9641113281 1
190.9606170654 1
190.9373016357 1
190.9355163574 1
190.9159393311 1
190.9066619873 1
190.9034729004 1
190.8887023926 1
190.8745880127 1
190.8744354248 1
190.8570556641 1
190.8191528320 1
190.8016510010 1
190.8003997803 1
190.7870635986 1
190.7712097168 1
190.7547302246 1
190.7538452148 1
190.7481842041 1
190.7377471924 1
190.7374267578 1
190.7310180664 1
190.7227172852 1
190.7187194824 1
190.7128753662 1
190.6995391846 1
190.6936798096 1
190.6835937500 1
190.6767425537 1
190.6685485840 1
190.6528320312 1
190.6527709961 1
190.6423950195 1
190.6399078369 1
190.6349029541 1
190.5922851562 1
190.5774536133 1
190.5697937012 1
190.5679168701 1
190.5631713867 1
190.5525665283 1
190.5050048828 1
190.4791412354 1
190.4596557617 1
190.4340057373 1
190.4174499512 1
190.4066925049 1
190.4033813477 1
190.3972778320 1
190.3936157227 1
190.3855438232 1
190.3775329590 1
190.3748321533 1
190.3672637939 1
190.3546905518 1
190.3507232666 1
190.3334350586 1
190.3206329346 1
190.3184661865 1
190.3022003174 1
190.2919921875 1
190.2681579590 1
190.2638854980 1
190.2590484619 1
190.2534637451 1
190.2510681152 1
190.2240447998 1
190.2222595215 1
190.2130126953 1
190.1966552734 1
190.1965332031 1
190.1889953613 1
190.1842193604 1
190.1779174805 1
190.1633148193 1
190.1608123779 1
190.1542510986 1
190.1533508301 1
190.1385192871 1
190.1190948486 1
190.1077423096 1
190.1065673828 1
190.1045684814 1
190.1027374268 1
190.0974578857 1
190.0752716064 1
190.0690917969 1
190.0600433350 1
190.0560607910 1
190.0358123779 1
190.0160675049 1
190.0079040527 1
190.0034790039 1
190.0029449463 1
190.0025482178 1
190.0010070801 1
189.9914550781 1
189.9765167236 1
189.9648284912 1
189.9631195068 1
189.9348754883 1
189.9168243408 1
189.9010314941 1
189.8996276855 1
189.8994140625 1
189.8602600098 1
189.8562927246 1
189.8519439697 1
189.8367919922 1
189.8356323242 1
189.8074951172 1
189.8034515381 1
189.7887878418 1
189.7757263184 1
189.7573394775 1
189.7526702881 1
189.7270812988 1
189.7248687744 1
189.7181091309 1
189.7168273926 1
189.7117767334 1
189.7066345215 1
189.6989746094 1
189.6973571777 1
189.6900787354 1
189.6873931885 1
189.6836700439 1
189.6824035645 1
189.6778564453 1
189.6748657227 1
189.6392211914 1
189.6266784668 1
189.6061248779 1
189.6047668457 1
189.6045074463 1
189.6015319824 1
189.6011352539 1
189.6008148193 1
189.5968627930 1
189.5905609131 1
189.5763702393 1
189.5729217529 1
189.5709075928 1
189.5509338379 1
189.5502014160 1
189.5379333496 1
189.5343627930 1
189.5296325684 1
189.5272216797 1
189.5217895508 1
189.5153656006 1
189.4853057861 1
189.4832763672 1
189.4787139893 1
189.4544067383 1
189.4369964600 1
189.3774566650 1
189.3402862549 1
189.3381195068 1
189.3359069824 1
189.3207397461 1
189.3175811768 1
189.3123626709 1
189.3089904785 1
189.2935638428 1
189.2730102539 1
189.2668762207 1
189.2629699707 1
189.2615814209 1
189.2579650879 1
189.2503967285 1
189.2445983887 1
189.2363433838 1
189.2322692871 1
189.2144470215 1
189.2127838135 1
189.2055358887 1
189.2050628662 1
189.1672515869 1
189.1539764404 1
189.1204071045 1
189.0980682373 1
189.0863647461 1
189.0829925537 1
189.0782928467 1
189.0760955811 1
189.0555114746 1
189.0377807617 1
189.0269470215 1
189.0266876221 1
189.0213928223 1
189.0090942383 1
188.9883728027 1
188.9358825684 1
188.9275360107 1
188.9129638672 1
188.8972473145 1
188.8818054199 1
188.8778076172 1
188.8740234375 1
188.8689880371 1
188.8105621338 1
188.8080749512 1
188.8044738770 1
188.7839355469 1
188.7833557129 1
188.7691345215 1
188.7666168213 1
188.7645721436 1
188.7490081787 1
188.7439422607 1
188.7363433838 1
188.7227783203 1
188.7226257324 1
188.7163085938 1
188.7125396729 1
188.7036743164 1
188.7001495361 1
188.6998138428 1
188.6839141846 1
188.6833343506 1
188.6797790527 1
188.6773681641 1
188.6582336426 1
188.6395568848 1
188.6388092041 1
188.6374206543 1
188.6329193115 1
188.6311035156 1
188.6263732910 1
188.6161804199 1
188.6081542969 1
188.5945129395 1
188.5937957764 1
188.5846405029 1
188.5798645020 1
188.5694580078 1
188.5550384521 1
188.5321655273 1
188.5265960693 1
188.5189819336 1
188.5104980469 1
188.4966583252 1
188.4830322266 1
188.4813690186 1
188.4798889160 1
188.4756774902 1
188.4665222168 1
188.4503173828 1
188.4486694336 1
188.4460449219 1
188.4115753174 1
188.4085998535 1
188.3981323242 1
188.3921813965 1
188.3887329102 1
188.3755187988 1
188.3725738525 1
188.3551788330 1
188.3522491455 1
188.3199005127 1
188.3157958984 1
188.3088378906 1
188.3073272705 1
188.2897949219 1
188.2785949707 1
188.2727203369 1
188.2582702637 1
188.2563018799 1
188.2308807373 1
188.2255401611 1
188.2228698730 1
188.2048034668 1
188.2043304443 1
188.1918182373 1
188.1705017090 1
188.1596984863 1
188.1402893066 1
188.1367034912 1
188.1329040527 1
188.1291809082 1
188.1028900146 1
188.0969543457 1
188.0826721191 1
188.0237884521 1
188.0208282471 1
188.0185394287 1
187.9933471680 1
187.9865264893 1
187.9624328613 1
187.9468841553 1
187.9347991943 1
187.9194030762 1
187.9149780273 1
187.9117279053 1
187.9054565430 1
187.8923797607 1
187.8905487061 1
187.8734436035 1
187.8559417725 1
187.8466491699 1
187.8308258057 1
187.8202667236 1
187.8088684082 1
187.8018798828 1
187.7936401367 1
187.7924194336 1
187.7863464355 1
187.7821197510 1
187.7806854248 1
187.7729797363 1
187.7678375244 1
187.7650451660 1
187.7565765381 1
187.7565765381 1
187.7518920898 1
187.7518310547 1
187.7435302734 1
187.7380218506 1
187.7278747559 1
187.7231597900 1
187.7169189453 1
187.7123107910 1
187.7096557617 1
187.7065887451 1
187.6990966797 1
187.6861114502 1
187.6776275635 1
187.6640625000 1
187.6565704346 1
187.6526947021 1
187.6325225830 1
187.6268310547 1
187.6247711182 1
187.6165771484 1
187.6148529053 1
187.6074523926 1
187.5929718018 1
187.5846862793 1
187.5842437744 1
187.5832824707 1
187.5662384033 1
187.5585174561 1
187.5270233154 1
187.5247192383 1
187.5240325928 1
187.5180511475 1
187.4967346191 1
187.4868164062 1
187.4698486328 1
187.4600982666 1
187.4451141357 1
187.4442291260 1
187.4380798340 1
187.4352264404 1
187.4311523438 1
187.4307556152 1
187.4297332764 1
187.4270935059 1
187.4218444824 1
187.4207916260 1
187.4202423096 1
187.4181671143 1
187.4177246094 1
187.4095764160 1
187.4077758789 1
187.4055175781 1
187.3970031738 1
187.3966674805 1
187.3910675049 1
187.3749389648 1
187.3635406494 1
187.3628234863 1
187.3590240479 1
187.3499298096 1
187.3248901367 1
187.3036804199 1
187.2947235107 1
187.2819976807 1
187.2811431885 1
187.2799987793 1
187.2441864014 1
187.2276306152 1
187.2268676758 1
187.2223358154 1
187.2104797363 1
187.2069854736 1
187.2016601562 1
187.1943359375 1
187.1936950684 1
187.1760406494 1
187.1597595215 1
187.1520385742 1
187.1504364014 1
187.1059112549 1
187.0860595703 1
187.0797424316 1
187.0601959229 1
187.0568695068 1
187.0493469238 1
187.0491485596 1
187.0461120605 1
187.0455780029 1
187.0419311523 1
187.0176391602 1
187.0173797607 1
186.9929962158 1
186.9836730957 1
186.9710845947 1
186.9668731689 1
186.9609222412 1
186.9477539062 1
186.9449310303 1
186.9371795654 1
186.9300689697 1
186.9277648926 1
186.8998718262 1
186.8929595947 1
186.8927917480 1
186.8802795410 1
186.8688049316 1
186.8566894531 1
186.8506164551 1
186.8398132324 1
186.8332519531 1
186.8214111328 1
186.8183593750 1
186.7776641846 1
186.7712097168 1
186.7524566650 1
186.7445678711 1
186.7414398193 1
186.7136230469 1
186.7062072754 1
186.7000122070 1
186.6996917725 1
186.6501159668 1
186.6227111816 1
186.6052398682 1
186.5848541260 1
186.5791931152 1
186.5736541748 1
186.5603637695 1
186.5577239990 1
186.5507659912 1
186.5450439453 1
186.5351104736 1
186.5301513672 1
186.5240173340 1
186.5182037354 1
186.5154724121 1
186.4995880127 1
186.4893493652 1
186.4879608154 1
186.4799041748 1
186.4768524170 1
186.4590454102 1
186.4261322021 1
186.4207153320 1
186.3605651855 1
186.3598022461 1
186.3466186523 1
186.3458862305 1
186.3384704590 1
186.3347930908 1
186.3209381104 1
186.3161010742 1
186.3057098389 1
186.3044433594 1
186.2940979004 1
186.2752075195 1
186.2731933594 1
186.2509155273 1
186.2439727783 1
186.2383117676 1
186.2336425781 1
186.2086029053 1
186.1665191650 1
186.1648406982 1
186.1524200439 1
186.1489868164 1
186.1110839844 1
186.1033020020 1
186.1013183594 1
186.0801696777 1
186.0797576904 1
186.0568237305 1
186.0468902588 1
186.0320434570 1
186.0221710205 1
186.0196533203 1
186.0195617676 1
186.0190277100 1
185.9971923828 1
185.9942474365 1
185.9904785156 1
185.9511871338 1
185.9494018555 1
185.9443817139 1
185.9422912598 1
185.9283294678 1
185.9133605957 1
185.9125976562 1
185.8951110840 1
185.8914184570 1
185.8854980469 1
185.8830718994 1
185.8790740967 1
185.8657836914 1
185.8640594482 1
185.8198852539 1
185.8161010742 1
185.7950592041 1
185.7913360596 1
185.7633819580 1
185.7579040527 1
185.7556762695 1
185.7462005615 1
185.7407379150 1
185.7164764404 1
185.6851806641 1
185.6771087646 1
185.6668701172 1
185.6469726562 1
185.6424102783 1
185.6409606934 1
185.6317596436 1
185.6103668213 1
185.6055145264 1
185.5859832764 1
185.5829925537 1
185.5793609619 1
185.5766448975 1
185.5645599365 1
185.5635070801 1
185.5565338135 1
185.5505523682 1
185.5492401123 1
185.5404205322 1
185.4923553467 1
185.4807891846 1
185.4542541504 1
185.4491729736 1
185.4201812744 1
185.4095764160 1
185.4063568115 1
185.3968505859 1
185.3713378906 1
185.3670349121 1
185.3668670654 1
185.3655242920 1
185.3521881104 1
185.3499908447 1
185.3470611572 1
185.3433685303 1
185.3343963623 1
185.3033905029 1
185.2998962402 1
185.2989501953 1
185.2700958252 1
185.2678985596 1
185.2664031982 1
185.2366485596 1
185.2191619873 1
185.2069702148 1
185.1838684082 1
185.1828765869 1
185.1814270020 1
185.1732330322 1
185.1594238281 1
185.1568145752 1
185.1376800537 1
185.1344757080 1
185.0905456543 1
185.0865020752 1
185.0775909424 1
185.0757904053 1
185.0745391846 1
185.0667114258 1
185.0647583008 1
185.0503997803 1
185.0455169678 1
185.0358428955 1
185.0311126709 1
185.0257720947 1
185.0256195068 1
185.0235748291 1
185.0167083740 1
185.0044555664 1
184.9998931885 1
184.9496154785 1
184.9480438232 1
184.9455413818 1
184.9387817383 1
184.9352416992 1
184.9252166748 1
184.9242858887 1
184.9116668701 1
184.9017028809 1
184.8982696533 1
184.8862152100 1
184.8804168701 1
184.8668212891 1
184.8581085205 1
184.8321990967 1
184.8202056885 1
184.8152160645 1
184.8107299805 1
184.7868499756 1
184.7858123779 1
184.7843475342 1
184.7841949463 1
184.7655639648 1
184.7654571533 1
184.7515258789 1
184.7428894043 1
184.7341308594 1
184.6787872314 1
184.6719970703 1
184.6464233398 1
184.6294555664 1
184.6225433350 1
184.6179046631 1
184.6141510010 1
184.6104125977 1
184.5508270264 1
184.5354614258 1
184.5224609375 1
184.5183563232 1
184.5101013184 1
184.5073547363 1
184.4737243652 1
184.4692535400 1
184.4281005859 1
184.4151306152 1
184.3740692139 1
184.3676605225 1
184.3483428955 1
184.3465118408 1
184.3353424072 1
184.3292541504 1
184.3235015869 1
184.3156585693 1
184.3129272461 1
184.3096771240 1
184.2992401123 1
184.2907867432 1
184.2364349365 1
184.2320098877 1
184.2181549072 1
184.2133483887 1
184.2068328857 1
184.1999359131 1
184.1829376221 1
184.1719207764 1
184.1678314209 1
184.1289367676 1
184.1206817627 1
184.1122741699 1
184.0783386230 1
184.0736389160 1
184.0692596436 1
184.0689392090 1
184.0663604736 1
184.0536499023 1
184.0507507324 1
184.0308532715 1
184.0137939453 1
184.0103149414 1
183.9626617432 1
183.9552307129 1
183.9350585938 1
183.9275360107 1
183.9054107666 1
183.9042053223 1
183.9000549316 1
183.8985443115 1
183.8939361572 1
183.8210906982 1
183.8058776855 1
183.8045349121 1
183.8040771484 1
183.7997589111 1
183.7878723145 1
183.7830810547 1
183.7822723389 1
183.7674713135 1
183.7670135498 1
183.7658233643 1
183.7639007568 1
183.7603759766 1
183.7592773438 1
183.7281036377 1
183.7276153564 1
183.7061920166 1
183.6959533691 1
183.6959533691 1
183.6924285889 1
183.6920318604 1
183.6818389893 1
183.6790618896 1
183.6691589355 1
183.6670684814 1
183.6668701172 1
183.6563568115 1
183.6493377686 1
183.6288757324 1
183.6178436279 1
183.6019287109 1
183.6012725830 1
183.5981292725 1
183.5977935791 1
183.5923309326 1
183.5773773193 1
183.5726928711 1
183.5725708008 1
183.5578002930 1
183.5549926758 1
183.5101470947 1
183.4997711182 1
183.4976501465 1
183.4698486328 1
183.4400329590 1
183.3796386719 1
183.3704071045 1
183.3523864746 1
183.3507080078 1
183.3504943848 1
183.3426055908 1
183.3374176025 1
183.3265991211 1
183.3225555420 1
183.3144378662 1
183.3112030029 1
183.3049468994 1
183.2978668213 1
183.2767028809 1
183.2756958008 1
183.2651062012 1
183.2645721436 1
183.2591247559 1
183.2469940186 1
183.2428588867 1
183.2427368164 1
183.2309417725 1
183.2289276123 1
183.2024078369 1
183.1811065674 1
183.1771087646 1
183.1705627441 1
183.1666259766 1
183.1578521729 1
183.1407012939 1
183.1357421875 1
183.1273651123 1
183.1163177490 1
183.1136169434 1
183.1131896973 1
183.1107025146 1
183.1046142578 1
183.1013641357 1
183.0941009521 1
183.0898132324 1
183.0734863281 1
183.0491333008 1
183.0294952393 1
183.0162811279 1
183.0045623779 1
182.9723968506 1
182.9701232910 1
182.9660339355 1
182.9647521973 1
182.9558410645 1
182.9496459961 1
182.9132843018 1
182.8954772949 1
182.8898620605 1
182.8762512207 1
182.8528594971 1
182.8443908691 1
182.8281097412 1
182.8069915771 1
182.8016510010 1
182.7716827393 1
182.7511596680 1
182.7353210449 1
182.7179260254 1
182.7042694092 1
182.6929321289 1
182.6926879883 1
182.6777191162 1
182.6673736572 1
182.5598602295 1
182.5116271973 1
182.5033721924 1
182.4975585938 1
182.4945831299 1
182.4877929688 1
182.4786682129 1
182.4609069824 1
182.4233093262 1
182.4137878418 1
182.4137573242 1
182.3850860596 1
182.3840026855 1
182.3832550049 1
182.3606262207 1
182.3602447510 1
182.3257598877 1
182.3224792480 1
182.3051452637 1
182.2905426025 1
182.2861480713 1
182.2665557861 1
182.2627716064 1
182.2534942627 1
182.2449493408 1
182.2438659668 1
182.2394866943 1
182.2282257080 1
182.2109527588 1
182.2079925537 1
182.2040710449 1
182.1844635010 1
182.1636962891 1
182.1601104736 1
182.1421966553 1
182.1299896240 1
182.1145629883 1
182.1116333008 1
182.1062622070 1
182.1019897461 1
182.0938110352 1
182.0885772705 1
182.0815429688 1
182.0617065430 1
182.0608978271 1
182.0542755127 1
182.0409698486 1
182.0384368896 1
182.0032653809 1
181.9821472168 1
181.9533996582 1
181.9504699707 1
181.9137420654 1
181.9080200195 1
181.8963165283 1
181.8645477295 1
181.8525390625 1
181.8343505859 1
181.8312530518 1
181.8288879395 1
181.8180694580 1
181.8139190674 1
181.8075103760 1
181.7972869873 1
181.7921142578 1
181.7907257080 1
181.7603912354 1
181.7392120361 1
181.7386169434 1
181.7272033691 1
181.7037506104 1
181.7035522461 1
181.7016754150 1
181.6920318604 1
181.6786346436 1
181.6734161377 1
181.6469726562 1
181.6463012695 1
181.6446533203 1
181.5419464111 1
181.5243530273 1
181.5041809082 1
181.5005645752 1
181.4994201660 1
181.4986572266 1
181.4891815186 1
181.4833679199 1
181.4779510498 1
181.4682922363 1
181.4077453613 1
181.4051513672 1
181.3985137939 1
181.3921508789 1
181.3897552490 1
181.3656921387 1
181.3537292480 1
181.3470916748 1
181.3412170410 1
181.3392944336 1
181.3304443359 1
181.3017730713 1
181.2772827148 1
181.2638854980 1
181.2634887695 1
181.2619476318 1
181.2293395996 1
181.2288818359 1
181.2205963135 1
181.2145385742 1
181.2112121582 1
181.2075958252 1
181.2033233643 1
181.1957550049 1
181.1800079346 1
181.1666717529 1
181.1496582031 1
181.1306152344 1
181.1270904541 1
181.1140289307 1
181.1125030518 1
181.0938873291 1
181.0846405029 1
181.0751342773 1
181.0728302002 1
181.0707550049 1
181.0648956299 1
181.0493164062 1
181.0459442139 1
181.0262298584 1
181.0121002197 1
180.9830322266 1
180.9662780762 1
180.9510192871 1
180.9151306152 1
180.9141387939 1
180.9114074707 1
180.8798522949 1
180.8584289551 1
180.8522186279 1
180.8363494873 1
180.8267059326 1
180.8115234375 1
180.8050689697 1
180.8008728027 1
180.7722625732 1
180.6947631836 1
180.6825866699 1
180.6722869873 1
180.6656036377 1
180.6469573975 1
180.6062011719 1
180.6056671143 1
180.5891723633 1
180.5800170898 1
180.5754394531 1
180.5749206543 1
180.5665130615 1
180.5386199951 1
180.5284271240 1
180.4909210205 1
180.4908142090 1
180.4890899658 1
180.4881744385 1
180.4780426025 1
180.4731445312 1
180.4361267090 1
180.3909606934 1
180.3882598877 1
180.3868865967 1
180.3858947754 1
180.3519439697 1
180.2996673584 1
180.2932434082 1
180.2855224609 1
180.2733001709 1
180.2483520508 1
180.2418212891 1
180.2408905029 1
180.2336273193 1
180.2267608643 1
180.2257080078 1
180.2123413086 1
180.1945037842 1
180.1926574707 1
180.1808013916 1
180.1767578125 1
180.1631774902 1
180.1600036621 1
180.1557617188 1
180.1416625977 1
180.1335449219 1
180.1190185547 1
180.0724334717 1
180.0721435547 1
180.0075378418 1
180.0075073242 1
179.9906158447 1
179.9696807861 1
179.9441375732 1
179.8934020996 1
179.8712768555 1
179.8423156738 1
179.8409729004 1
179.8388519287 1
179.8299102783 1
179.7633514404 1
179.7597656250 1
179.7502136230 1
179.7461242676 1
179.7265625000 1
179.6933898926 1
179.6886444092 1
179.6803131104 1
179.6649932861 1
179.6378326416 1
179.6311340332 1
179.6136474609 1
179.5840454102 1
179.5681304932 1
179.5612945557 1
179.5607757568 1
179.5577392578 1
179.5506286621 1
179.5286102295 1
179.5163574219 1
179.5083770752 1
179.4889221191 1
179.4705352783 1
179.4671020508 1
179.4395294189 1
179.4300994873 1
179.3914489746 1
179.3888244629 1
179.3831176758 1
179.3374786377 1
179.3329162598 1
179.3240356445 1
179.3177795410 1
179.3110198975 1
179.2995910645 1
179.2513427734 1
179.2251892090 1
179.2168731689 1
179.2146759033 1
179.1667633057 1
179.1565093994 1
179.1550140381 1
179.1481170654 1
179.1244659424 1
179.0283355713 1
179.0142364502 1
179.0120697021 1
178.9870300293 1
178.9657897949 1
178.9604187012 1
178.9307556152 1
178.9043273926 1
178.9022979736 1
178.8928680420 1
178.8908843994 1
178.8876953125 1
178.8765258789 1
178.8720703125 1
178.8540802002 1
178.8534851074 1
178.8531494141 1
178.8442382812 1
178.8286895752 1
178.8206024170 1
178.8195953369 1
178.8067169189 1
178.7670593262 1
178.7610626221 1
178.7517547607 1
178.7489318848 1
178.7278442383 1
178.7198333740 1
178.7028808594 1
178.6679077148 1
178.6361083984 1
178.6166381836 1
178.5977935791 1
178.5918426514 1
178.5759124756 1
178.5743408203 1
178.5701446533 1
178.5560302734 1
178.5459899902 1
178.5404815674 1
178.5356750488 1
178.5298767090 1
178.5177307129 1
178.5002136230 1
178.4711303711 1
178.4410247803 1
178.4002380371 1
178.3767700195 1
178.3636627197 1
178.3435363770 1
178.3389434814 1
178.3235168457 1
178.3105163574 1
178.2916412354 1
178.2803192139 1
178.2480163574 1
178.2366027832 1
178.2250061035 1
178.1790618896 1
178.1668090820 1
178.1569366455 1
178.1409454346 1
178.1400604248 1
178.1212921143 1
178.0915679932 1
178.0779418945 1
178.0770263672 1
178.0720062256 1
178.0573577881 1
178.0447845459 1
178.0381317139 1
178.0078887939 1
177.9868164062 1
177.9796600342 1
177.9759063721 1
177.9653778076 1
177.9483489990 1
177.9289245605 1
177.8751831055 1
177.8531341553 1
177.8453216553 1
177.8407135010 1
177.7943878174 1
177.7928924561 1
177.7924652100 1
177.7617492676 1
177.7534332275 1
177.7444000244 1
177.6867370605 1
177.6851348877 1
177.6625061035 1
177.6605834961 1
177.6399230957 1
177.6381225586 1
177.6355133057 1
177.6100006104 1
177.6076965332 1
177.6041259766 1
177.5613403320 1
177.5549926758 1
177.5486602783 1
177.5181732178 1
177.4742279053 1
177.4305877686 1
177.4267120361 1
177.3980560303 1
177.3888244629 1
177.3862304688 1
177.3513641357 1
177.3459625244 1
177.3228149414 1
177.2841033936 1
177.2788085938 1
177.2585296631 1
177.2529754639 1
177.2115936279 1
177.2016296387 1
177.1676788330 1
177.1352233887 1
177.0736694336 1
177.0705566406 1
177.0611267090 1
177.0544433594 1
177.0402526855 1
177.0256347656 1
177.0164642334 1
177.0115203857 1
177.0001373291 1
176.9821166992 1
176.9818115234 1
176.9595489502 1
176.9531860352 1
176.9461975098 1
176.9275665283 1
176.9137420654 1
176.9121398926 1
176.9036102295 1
176.8852081299 1
176.8770446777 1
176.8618927002 1
176.8383636475 1
176.8341674805 1
176.8238983154 1
176.8149414062 1
176.7979583740 1
176.7951202393 1
176.7873687744 1
176.7738037109 1
176.7622375488 1
176.7551116943 1
176.7474060059 1
176.7386169434 1
176.7380828857 1
176.7164154053 1
176.7017364502 1
176.6835174561 1
176.6286621094 1
176.6202239990 1
176.6129302979 1
176.6128082275 1
176.6123809814 1
176.6112365723 1
176.6060028076 1
176.6006317139 1
176.5913085938 1
176.5596923828 1
176.5513305664 1
176.5455169678 1
176.5384826660 1
176.5271453857 1
176.5151062012 1
176.5040435791 1
176.4382629395 1
176.4324951172 1
176.4313812256 1
176.4206085205 1
176.3903503418 1
176.3464965820 1
176.3370971680 1
176.3367462158 1
176.3161010742 1
176.3142852783 1
176.2848358154 1
176.2807617188 1
176.2351684570 1
176.2078094482 1
176.1689605713 1
176.0796051025 1
176.0741119385 1
176.0725860596 1
176.0317993164 1
176.0300140381 1
176.0281066895 1
176.0116577148 1
175.9846038818 1
175.9764251709 1
175.9585723877 1
175.9066467285 1
175.8947448730 1
175.8297424316 1
175.8248138428 1
175.8201446533 1
175.8009338379 1
175.7852630615 1
175.7723846436 1
175.7687988281 1
175.7509002686 1
175.7493591309 1
175.7321624756 1
175.7199401855 1
175.7135772705 1
175.7072906494 1
175.6784057617 1
175.6657104492 1
175.6316528320 1
175.6063690186 1
175.5899810791 0
175.5748901367 1
175.5374298096 1
175.5182495117 1
175.5020904541 1
175.4942321777 1
175.4833068848 1
175.4595184326 1
175.4500274658 1
175.4456176758 1
175.4218597412 1
175.3895111084 1
175.3668975830 1
175.3616638184 1
175.3425140381 1
175.3323059082 1
175.3216552734 1
175.3122863770 1
175.2968902588 1
175.2838134766 1
175.2652893066 1
175.2531890869 1
175.2506866455 1
175.2300567627 1
175.2122802734 1
175.1581878662 1
175.1429748535 1
175.1429443359 1
175.1273498535 1
175.1117248535 1
175.0942687988 1
175.0673980713 1
175.0490264893 1
175.0417175293 1
175.0340576172 1
175.0296936035 1
175.0276641846 1
175.0269165039 1
174.9840393066 1
174.9783782959 1
174.9506072998 1
174.9116363525 1
174.9037628174 1
174.9016418457 1
174.9007568359 1
174.8934173584 1
174.8806762695 1
174.8718261719 1
174.8415374756 1
174.8325500488 1
174.8181610107 1
174.7512359619 1
174.7379302979 1
174.7213134766 1
174.7161102295 1
174.7024993896 1
174.6802368164 1
174.6782379150 1
174.6690521240 1
174.6536102295 1
174.6532440186 1
174.6477050781 1
174.6399536133 1
174.6174468994 1
174.6147460938 1
174.6079711914 1
174.5927276611 1
174.5722351074 1
174.5665435791 1
174.5600585938 1
174.5290985107 1
174.4993743896 1
174.4971923828 1
174.4921417236 1
174.4913940430 1
174.4790802002 1
174.4735717773 1
174.4640655518 1
174.4585113525 1
174.4563446045 1
174.4082031250 1
174.4019775391 1
174.3932189941 1
174.3737335205 1
174.3625793457 1
174.3408966064 1
174.3189697266 1
174.3057250977 1
174.2792053223 1
174.2672271729 1
174.2647399902 1
174.2601165771 1
174.2507019043 1
174.2430877686 1
174.2367858887 1
174.2302246094 1
174.2182922363 1
174.1867828369 1
174.1838836670 1
174.1683654785 1
174.1227416992 0
174.0436096191 1
174.0417785645 1
174.0405426025 1
174.0355529785 1
174.0256195068 1
174.0254058838 1
174.0127258301 1
174.0081939697 1
173.9624786377 1
173.9510345459 1
173.9471282959 1
173.9463043213 1
173.9395294189 1
173.9189453125 1
173.8796234131 1
173.8728332520 1
173.8666534424 1
173.8633422852 1
173.7980041504 1
173.7864074707 1
173.7789611816 1
173.7674407959 1
173.7641296387 1
173.7332611084 1
173.7252044678 1
173.7117767334 1
173.6875762939 1
173.6787109375 1
173.6700134277 1
173.6689453125 1
173.6533966064 1
173.6522216797 1
173.6509094238 1
173.6488189697 1
173.6068267822 1
173.5996246338 1
173.5759735107 1
173.5637359619 1
173.5321350098 1
173.5159149170 1
173.4824523926 1
173.4798126221 1
173.4738769531 1
173.4524078369 1
173.3889007568 1
173.3879699707 1
173.3666534424 1
173.3538513184 1
173.3181610107 1
173.3171539307 1
173.3111572266 1
173.2894439697 1
173.2643280029 1
173.2543792725 1
173.2473449707 1
173.2471160889 1
173.2377166748 1
173.2163391113 1
173.1750030518 1
173.1711425781 1
173.1596679688 1
173.1521148682 1
173.1398315430 1
173.1155090332 1
173.0760192871 1
173.0721588135 1
172.9840087891 1
172.9614410400 1
172.9494018555 1
172.9446105957 1
172.9264373779 1
172.9263000488 1
172.9021606445 1
172.8943481445 1
172.8853149414 1
172.8370208740 1
172.8295440674 1
172.8199615479 1
172.8031616211 1
172.7514648438 1
172.7183685303 1
172.7176208496 1
172.7155761719 1
172.7093963623 1
172.6970977783 1
172.6849212646 1
172.6776885986 1
172.6685943604 1
172.6096191406 1
172.5994873047 1
172.5834350586 1
172.5386199951 1
172.4812164307 1
172.4638977051 1
172.4579620361 1
172.4351806641 0
172.4242553711 1
172.3836212158 1
172.3685150146 1
172.3621978760 1
172.3285217285 1
172.3162536621 1
172.2919158936 1
172.2698059082 1
172.2014007568 1
172.1806945801 1
172.1738281250 1
172.1295623779 1
172.1172332764 1
172.0743865967 0
172.0481872559 1
171.9523315430 1
171.9242095947 1
171.8503265381 1
171.8420715332 1
171.8397827148 1
171.8143768311 1
171.8005065918 1
171.7915649414 1
171.7776489258 1
171.7651367188 1
171.7592315674 1
171.7440795898 1
171.7314910889 1
171.7248535156 1
171.7235107422 1
171.7202911377 1
171.7066802979 1
171.6969604492 1
171.6758880615 1
171.6339416504 1
171.6099395752 1
171.6063995361 1
171.5585479736 1
171.5577850342 1
171.5346527100 1
171.5341339111 1
171.5067291260 1
171.5024108887 1
171.4680633545 1
171.4609069824 1
171.4281311035 1
171.4196472168 1
171.3982391357 1
171.3772430420 1
171.3161926270 1
171.2862243652 1
171.2749633789 1
171.2718811035 1
171.2688140869 1
171.2450103760 1
171.2315521240 1
171.1880493164 1
171.1734924316 1
171.1685943604 1
171.1499938965 1
171.1424713135 1
171.1241760254 1
171.0848236084 1
171.0843200684 1
171.0817718506 1
171.0738220215 1
171.0403594971 1
170.9868316650 1
170.9778442383 1
170.9547424316 1
170.9367218018 1
170.9351654053 1
170.9127960205 1
170.8701782227 1
170.8288269043 1
170.7875823975 1
170.7732086182 1
170.7704772949 1
170.7664947510 1
170.7431182861 1
170.7372131348 1
170.7029418945 1
170.7027435303 1
170.6945648193 1
170.6835327148 1
170.6568756104 0
170.6306304932 1
170.6030578613 1
170.5573272705 1
170.4781799316 1
170.4763488770 1
170.4570617676 1
170.3729705811 1
170.3380584717 1
170.3357543945 1
170.3334808350 1
170.3323516846 1
170.3066101074 1
170.2773742676 1
170.2718505859 1
170.2553405762 1
170.2316131592 1
170.2219085693 1
170.1950531006 1
170.1491546631 1
170.1467742920 1
170.1292419434 1
170.0370635986 1
170.0331420898 1
169.9454193115 1
169.9375762939 1
169.9294281006 1
169.9204711914 1
169.9134368896 1
169.9110565186 1
169.9045562744 1
169.8959197998 1
169.8953552246 1
169.8666839600 1
169.8396453857 1
169.7767486572 1
169.7534332275 1
169.7237091064 1
169.7158660889 1
169.6850585938 1
169.6573791504 1
169.6568908691 1
169.5966491699 1
169.5660552979 1
169.5626831055 1
169.5545196533 1
169.5516815186 1
169.5509948730 1
169.5301513672 0
169.5148925781 1
169.5019683838 1
169.4952392578 1
169.4471282959 1
169.4426269531 1
169.4270324707 1
169.3904266357 1
169.3739471436 1
169.2642974854 1
169.2133789062 1
169.2100067139 1
169.1933593750 1
169.1872406006 1
169.1741180420 1
169.1652374268 1
169.1462707520 1
169.1150054932 1
169.1130828857 1
169.0998992920 1
169.0919189453 1
169.0877532959 1
169.0350494385 1
169.0253448486 1
168.9608459473 1
168.8927917480 1
168.8840332031 1
168.8655548096 1
168.8531188965 1
168.8497924805 1
168.8147583008 1
168.8107299805 1
168.8088378906 1
168.8083496094 1
168.7568511963 1
168.7499847412 1
168.7161865234 1
168.7145690918 1
168.7138214111 0
168.7016143799 1
168.6952972412 1
168.6934967041 1
168.6862945557 1
168.6831817627 1
168.6806488037 1
168.6621093750 1
168.6559143066 1
168.6513519287 1
168.6053924561 1
168.6046142578 1
168.5601196289 0
168.4812164307 1
168.4776458740 1
168.4405059814 1
168.4307250977 1
168.4057769775 1
168.3903045654 1
168.3685913086 1
168.3142089844 1
168.2939605713 1
168.2861480713 1
168.2485656738 1
168.2157592773 1
168.1604003906 1
168.1473541260 1
168.1273803711 1
168.1257476807 1
168.1165924072 1
168.1106109619 1
168.0897064209 1
168.0436096191 1
168.0007934570 1
167.9881439209 1
167.9736328125 1
167.9508514404 1
167.8889923096 1
167.8804473877 1
167.8596954346 1
167.8512420654 1
167.8245697021 1
167.7619934082 1
167.7523040771 1
167.6877288818 1
167.6825256348 1
167.6748352051 1
167.6519317627 1
167.6251831055 1
167.6230010986 1
167.6022338867 1
167.5937805176 1
167.5128479004 1
167.5011291504 1
167.4855804443 1
167.4846649170 1
167.4817047119 1
167.4694366455 1
167.4415130615 1
167.4287414551 1
167.3799591064 1
167.3468322754 1
167.3379516602 1
167.3123626709 1
167.3101806641 1
167.2431793213 1
167.2232513428 1
167.2081756592 1
167.1685638428 1
167.1504974365 1
167.1405639648 1
167.1185455322 1
167.1156616211 1
167.1006622314 1
167.0926971436 1
167.0916137695 1
167.0762786865 1
167.0757598877 1
167.0423126221 1
167.0385742188 1
167.0382995605 0
167.0337677002 1
167.0268707275 1
167.0040588379 1
166.9764709473 1
166.9729156494 0
166.9579467773 1
166.9504394531 1
166.9396209717 0
166.9314117432 1
166.9001770020 1
166.8547363281 1
166.8266143799 1
166.8118286133 1
166.8082580566 1
166.7830200195 0
166.7445678711 1
166.7049255371 0
166.6889801025 1
166.6480102539 1
166.6320495605 1
166.5915222168 1
166.5840148926 1
166.5697174072 1
166.5414733887 1
166.4848937988 1
166.4804687500 1
166.4577178955 1
166.4458465576 1
166.4382934570 1
166.4237213135 1
166.4237060547 1
166.3864898682 1
166.3590393066 1
166.3539276123 1
166.3422241211 1
166.2835845947 1
166.2819366455 1
166.2646484375 1
166.2601470947 1
166.2370147705 1
166.2278442383 1
166.2033233643 1
166.1779785156 1
166.1453247070 1
166.1405792236 1
166.0945281982 1
166.0376281738 1
166.0019989014 1
166.0003204346 1
165.9718322754 1
165.9562072754 1
165.9386291504 1
165.9152679443 1
165.9149627686 1
165.8805084229 1
165.8690795898 1
165.8643188477 1
165.8592376709 1
165.8452148438 1
165.8314056396 1
165.8246459961 1
165.8039550781 0
165.7990570068 1
165.7868804932 1
165.7701416016 1
165.6760253906 1
165.6432647705 1
165.6270141602 1
165.6212768555 1
165.6150817871 1
165.6135253906 1
165.6066741943 1
165.5956420898 1
165.5850372314 1
165.5720672607 1
165.5179595947 1
165.4941253662 1
165.4771270752 1
165.4620971680 1
165.4523925781 1
165.3921356201 1
165.3709411621 1
165.3698577881 1
165.3630523682 1
165.3286437988 1
165.2877807617 1
165.2840881348 1
165.2775878906 1
165.2602233887 1
165.2545776367 1
165.2000732422 1
165.1750488281 1
165.1514282227 1
165.1317443848 1
165.1246948242 1
165.1057434082 1
165.1040649414 1
165.1012878418 1
165.0950317383 1
165.0901641846 1
165.0892791748 1
165.0878448486 1
165.0673217773 1
165.0513763428 1
165.0386199951 1
165.0251922607 1
165.0222930908 1
165.0128021240 1
165.0072021484 1
165.0043487549 1
164.9312286377 1
164.9192504883 1
164.8756713867 1
164.8434295654 1
164.8364715576 1
164.7369079590 1
164.7069549561 1
164.6640472412 1
164.6395263672 1
164.5894317627 1
164.5448150635 1
164.4852142334 1
164.4805908203 0
164.4640197754 1
164.4456024170 1
164.4139862061 1
164.4119262695 1
164.3687133789 1
164.3648529053 1
164.3314361572 1
164.3257598877 1
164.2280883789 1
164.2107086182 1
164.2063751221 1
164.1769561768 1
164.1734924316 1
164.1530914307 0
164.0738830566 1
164.0700836182 1
164.0565643311 1
163.9976043701 1
163.9974212646 1
163.9855194092 1
163.9808807373 1
163.9593811035 1
163.9297637939 1
163.9082946777 1
163.8649291992 1
163.8599395752 1
163.8458404541 0
163.8357543945 1
163.7817993164 1
163.7740020752 1
163.6673736572 1
163.6016235352 1
163.5677337646 1
163.5667114258 1
163.5229797363 1
163.5158996582 1
163.5131072998 0
163.5063781738 1
163.4942321777 0
163.4659423828 1
163.4251098633 1
163.4215087891 0
163.4126129150 1
163.4070129395 1
163.3674163818 0
163.3523559570 1
163.2640533447 1
163.2542419434 1
163.2331237793 1
163.2184448242 1
163.1643524170 1
163.1248626709 1
163.1177825928 1
163.1143188477 1
163.0720520020 1
163.0389709473 1
163.0335845947 1
162.9946899414 0
162.9661865234 1
162.9021759033 1
162.8886108398 1
162.8472290039 1
162.8452148438 1
162.8063507080 0
162.7476196289 1
162.7400512695 0
162.7275085449 1
162.7034606934 1
162.6575012207 0
162.6178283691 1
162.5556945801 1
162.5454711914 1
162.4966430664 1
162.4941253662 1
162.4837799072 1
162.4611358643 1
162.4394531250 1
162.4155426025 1
162.3761138916 1
162.3618927002 1
162.3497161865 1
162.3395385742 1
162.3059692383 1
162.2910156250 1
162.2631072998 1
162.2455291748 1
162.2190551758 1
162.2066497803 1
162.1150665283 1
162.0921630859 1
162.0808410645 1
162.0666656494 1
162.0443725586 1
162.0361175537 0
162.0270996094 1
161.9927215576 0
161.9809417725 1
161.9752197266 1
161.9751434326 1
161.9697875977 1
161.9573364258 1
161.9474029541 1
161.9222106934 1
161.8959197998 1
161.8863983154 1
161.8834228516 1
161.8433990479 1
161.7987060547 1
161.7986907959 1
161.7252807617 1
161.6787414551 1
161.6703338623 1
161.5610961914 1
161.5510253906 1
161.5331420898 1
161.5321197510 1
161.5116729736 1
161.4861145020 1
161.4540557861 1
161.4189300537 1
161.3839263916 1
161.3818054199 1
161.3776855469 1
161.3547668457 1
161.3289642334 1
161.3157043457 0
161.3042297363 1
161.2962493896 1
161.2813262939 1
161.2729949951 1
161.2392120361 1
161.1691436768 1
161.0735321045 1
161.0620422363 1
161.0497894287 1
161.0071563721 1
161.0063476562 1
160.8501129150 1
160.8433227539 0
160.8215942383 1
160.7708740234 1
160.7257385254 1
160.6740264893 1
160.6552429199 1
160.5959320068 1
160.5761413574 1
160.5487976074 1
160.5149993896 1
160.5088500977 1
160.5066223145 1
160.5010986328 1
160.4960784912 1
160.4789733887 1
160.4777832031 1
160.4223632812 1
160.3903045654 0
160.3902740479 1
160.3841552734 1
160.3574218750 0
160.3422241211 1
160.3112792969 1
160.2930450439 1
160.2702331543 1
160.1904144287 1
160.1452484131 0
160.1385192871 1
160.1350097656 1
160.1201324463 1
159.9347076416 1
159.9040374756 1
159.8898162842 0
159.8804168701 1
159.8702545166 1
159.7829589844 1
159.7718658447 1
159.7247161865 1
159.6813964844 1
159.6681365967 1
159.6444854736 1
159.5976562500 1
159.5435333252 1
159.4825134277 1
159.4487152100 1
159.4398193359 1
159.3952331543 1
159.3878021240 1
159.3626708984 1
159.3407745361 0
159.3082580566 1
159.3034820557 1
159.2861022949 1
159.2762451172 1
159.2694549561 1
159.2550354004 1
159.1858062744 0
159.1756896973 1
159.1396636963 1
159.0481414795 1
158.9869689941 1
158.9402618408 1
158.9297332764 0
158.9012298584 1
158.8806610107 1
158.8510131836 1
158.8472595215 1
158.7820739746 1
158.7283172607 1
158.7095336914 1
158.6237335205 1
158.6138153076 1
158.5839691162 1
158.5797729492 1
158.5275573730 1
158.4734344482 1
158.4446258545 1
158.4393005371 0
158.3828430176 1
158.3297729492 0
158.3063659668 1
158.2557983398 1
158.2225799561 1
158.2005615234 1
158.1896514893 1
158.1495666504 1
158.0629730225 1
158.0622100830 1
158.0615692139 0
158.0439605713 1
158.0281677246 1
158.0203399658 1
158.0091552734 1
157.9999389648 1
157.9901275635 1
157.9636688232 1
157.9065093994 1
157.8930664062 1
157.8433837891 1
157.8258514404 1
157.8182067871 1
157.8058624268 1
157.7662200928 1
157.7616882324 1
157.7538299561 1
157.7292480469 1
157.7215118408 1
157.7025756836 1
157.6484222412 1
157.6265258789 1
157.6064453125 1
157.5339813232 1
157.5031585693 1
157.4433746338 0
157.4349670410 0
157.3722229004 0
157.3625488281 1
157.3325500488 1
157.3244628906 1
157.3109436035 1
157.3100585938 1
157.2795104980 1
157.2723541260 1
157.2125549316 1
157.1617584229 1
157.1490325928 1
157.0492095947 1
156.9899597168 1
156.9806823730 1
156.9771423340 1
156.9176177979 1
156.8895568848 1
156.8346862793 1
156.8271636963 1
156.7785491943 1
156.7337036133 1
156.7166748047 1
156.6892700195 1
156.6655120850 1
156.6554107666 1
156.6117095947 1
156.5888366699 1
156.5072326660 0
156.4731597900 1
156.4313354492 1
156.3990478516 1
156.3946075439 1
156.3872680664 1
156.3818817139 1
156.3425140381 1
156.3306732178 0
156.2719879150 0
156.2182617188 1
156.2160644531 1
156.2097778320 1
156.2014312744 1
156.1758270264 1
156.0222778320 1
156.0178833008 1
156.0000152588 1
155.9505310059 0
155.9105682373 1
155.8959808350 1
155.8932800293 0
155.8755798340 1
155.8124389648 1
155.7727355957 1
155.7490234375 1
155.7211914062 1
155.7174377441 1
155.7009429932 1
155.6657409668 1
155.6636657715 1
155.6477661133 1
155.6292572021 1
155.6190185547 1
155.5926208496 1
155.5761413574 1
155.5653839111 0
155.5306243896 1
155.5282287598 1
155.5154418945 1
155.4699859619 1
155.4282836914 1
155.4266052246 1
155.3886718750 1
155.3016815186 0
155.2866668701 1
155.2801971436 1
155.2761230469 1
155.2711791992 1
155.2150268555 1
155.1798706055 1
155.1641387939 1
155.1555175781 1
155.1138916016 1
155.1127014160 0
155.1036682129 1
155.0753631592 1
155.0025329590 1
154.9701080322 1
154.9681854248 1
154.9464263916 1
154.9454345703 1
154.9275970459 1
154.9084167480 1
154.8964996338 1
154.8959960938 0
154.8388977051 1
154.8185577393 1
154.7792663574 0
154.6999969482 1
154.6973876953 1
154.6719665527 1
154.6708679199 1
154.6395568848 1
154.6254730225 1
154.6117401123 1
154.6066131592 1
154.5619659424 1
154.4594879150 1
154.4375305176 1
154.4354705811 0
154.4291534424 1
154.3109436035 1
154.2949371338 1
154.2666625977 1
154.2599182129 1
154.2056579590 1
154.1940460205 1
154.1674652100 1
154.0732727051 1
154.0473937988 1
154.0268402100 1
154.0187072754 1
153.9508514404 1
153.9502410889 0
153.9483489990 0
153.9342651367 0
153.8864898682 1
153.8000335693 1
153.7818603516 1
153.7801818848 0
153.7784423828 1
153.7671051025 1
153.7427673340 1
153.7354431152 1
153.6923065186 0
153.6881256104 1
153.6604156494 1
153.6510620117 1
153.6488189697 1
153.6483306885 1
153.6447906494 1
153.6268768311 0
153.5750122070 1
153.5217895508 1
153.5156707764 1
153.4929809570 1
153.4183807373 1
153.3501434326 1
153.2638244629 1
153.2580871582 1
153.2531433105 1
153.2026214600 1
153.1813812256 1
153.1401824951 1
153.1293792725 1
153.1268005371 1
153.0963287354 1
153.0902252197 1
153.0773925781 1
153.0734100342 1
153.0477905273 1
153.0382385254 1
152.9157104492 1
152.9078216553 0
152.8900299072 0
152.8676757812 1
152.8583068848 1
152.8512878418 1
152.8474121094 1
152.8320617676 1
152.7635498047 1
152.7405700684 0
152.7350463867 1
152.6921691895 1
152.6553192139 0
152.6493682861 1
152.6383361816 1
152.6348876953 1
152.5851287842 1
152.4800415039 1
152.4734954834 1
152.4169769287 1
152.4118957520 0
152.3737030029 1
152.3264923096 1
152.3120422363 1
152.2347106934 1
152.1925354004 1
152.0600891113 0
152.0508117676 1
152.0410308838 1
152.0183258057 1
151.9938507080 0
151.9757690430 1
151.9497528076 1
151.9382629395 0
151.9320678711 1
151.9232635498 0
151.8383178711 1
151.7409362793 1
151.6999969482 1
151.6411743164 1
151.4780120850 1
151.4346923828 1
151.2288360596 1
151.2090148926 1
151.1518554688 1
151.1389617920 0
151.1257781982 1
151.0672760010 1
151.0525207520 1
151.0205993652 1
151.0074920654 1
151.0020446777 1
150.8677520752 1
150.7368164062 0
150.7328643799 1
150.7239837646 1
150.7160491943 1
150.5717010498 1
150.5269165039 1
150.4956054688 0
150.4166259766 1
150.4110260010 1
150.3539276123 1
150.2830963135 1
150.2581024170 0
150.2349700928 1
150.1324920654 1
150.1268310547 0
150.0927124023 1
150.0690460205 0
150.0524902344 1
150.0479888916 1
149.9879455566 1
149.9582672119 1
149.8205261230 0
149.8052520752 1
149.7740631104 1
149.7553100586 1
149.7526092529 1
149.6834564209 1
149.6342468262 1
149.6005096436 1
149.5138397217 1
149.4683837891 1
149.4653930664 1
149.4520263672 0
149.4266967773 1
149.3605194092 1
149.3102264404 1
149.2849578857 0
149.2848510742 1
149.2525024414 1
149.2494201660 1
149.2390747070 1
149.1817016602 1
149.1665649414 1
149.1525421143 1
149.0606536865 1
148.9987182617 1
148.9815673828 1
148.9312286377 1
148.8890991211 0
148.8758697510 1
148.8281250000 0
148.8135986328 1
148.8055877686 1
148.7282562256 1
148.6805419922 1
148.6593017578 1
148.6482086182 1
148.6468505859 1
148.5125579834 0
148.4784088135 1
148.4704132080 0
148.3620147705 0
148.3156738281 1
148.3075714111 0
148.1488494873 0
147.7997741699 1
147.7638549805 1
147.7382812500 1
147.7218322754 0
147.6847839355 1
147.6507873535 1
147.6484069824 0
147.6320800781 1
147.6053161621 1
147.5931396484 1
147.5626220703 1
147.5208282471 0
147.5060272217 1
147.4722595215 1
147.4706268311 1
147.4553527832 0
147.4295349121 1
147.4026794434 0
147.2932739258 1
147.2714996338 0
147.2361602783 1
147.1925048828 1
147.1790924072 1
147.0963439941 1
147.0579071045 1
146.9994812012 1
146.9979705811 1
146.9615631104 1
146.9468994141 1
146.7954101562 1
146.7498168945 1
146.7196960449 1
146.6966705322 1
146.6396331787 0
146.6223449707 1
146.4466247559 0
146.4015808105 1
146.3385925293 1
146.3232879639 0
146.1722106934 1
146.1586608887 0
146.1303863525 0
146.1104278564 1
146.1026000977 1
146.0349273682 1
146.0211791992 0
146.0133056641 1
145.9633789062 1
145.9544525146 1
145.9373016357 1
145.9297332764 0
145.8466491699 0
145.7877502441 1
145.7681274414 1
145.7608184814 1
145.5872192383 1
145.4835510254 1
145.4651184082 0
145.4619293213 0
145.3823394775 1
145.3219604492 1
145.2910614014 1
145.2813873291 1
145.2675323486 0
145.2005004883 1
145.1590270996 1
145.1175842285 1
145.1004791260 0
145.0755615234 1
145.0715942383 1
145.0642395020 1
145.0284729004 1
144.9971313477 0
144.9753723145 1
144.9498291016 1
144.9134368896 1
144.9103698730 1
144.9052124023 0
144.9044342041 0
144.8504791260 1
144.6621246338 1
144.6590728760 1
144.6182708740 1
144.5932006836 1
144.5434722900 1
144.5239715576 1
144.4960632324 0
144.4440307617 0
144.4290924072 1
144.3800201416 1
144.3790130615 1
144.3488922119 0
144.3079681396 1
144.2447357178 1
144.2418823242 1
144.2034606934 1
144.1923522949 0
144.1502075195 0
144.0798187256 1
144.0638427734 1
144.0189971924 1
143.9604797363 0
143.9166107178 0
143.8745727539 1
143.8099212646 0
143.7912902832 1
143.7494964600 1
143.7084960938 0
143.7072143555 0
143.6763153076 1
143.6519927979 1
143.5884552002 1
143.5608673096 1
143.5569458008 0
143.5097045898 1
143.5068664551 0
143.4969940186 1
143.4407806396 0
143.4326019287 0
143.3717346191 1
143.3380737305 1
143.3375244141 1
143.3238677979 1
143.2978210449 0
143.2771911621 1
143.2346191406 1
143.1995697021 0
143.1873168945 1
143.1715393066 1
143.1594085693 1
143.1258544922 1
143.0658721924 1
143.0321502686 0
143.0124359131 1
142.9547424316 1
142.8669281006 1
142.7563476562 1
142.7169342041 0
142.7115478516 0
142.6605072021 1
142.6572875977 1
142.6543273926 1
142.5727539062 1
142.4704284668 0
142.4198760986 1
142.3989410400 1
142.3562011719 1
142.3553924561 1
142.3398742676 0
142.3227386475 1
142.3107299805 1
142.3021850586 1
142.2621002197 1
142.2500305176 1
142.1407012939 1
141.9998168945 0
141.9986114502 1
141.9953765869 1
141.9858398438 0
141.9782104492 1
141.9402618408 1
141.7761383057 0
141.6732482910 1
141.6014404297 1
141.5800476074 1
141.5558624268 0
141.3104095459 1
141.1433715820 0
141.0653076172 1
141.0604095459 1
141.0567626953 0
141.0515899658 1
141.0352478027 1
141.0097045898 1
140.9637756348 1
140.8892059326 1
140.8655853271 1
140.8293762207 1
140.8289031982 1
140.7937774658 1
140.7774963379 1
140.7549285889 1
140.6124420166 0
140.5797576904 0
140.5718688965 1
140.5491180420 1
140.5390014648 1
140.4787902832 1
140.4748382568 1
140.4179687500 0
140.3458251953 1
140.3308563232 0
140.2890930176 0
140.2343292236 0
140.1774139404 0
139.9541320801 1
139.8855285645 1
139.8418884277 1
139.8299713135 1
139.7409515381 1
139.7232055664 1
139.7210235596 1
139.7140197754 1
139.7085266113 1
139.6732177734 1
139.6579284668 1
139.6326141357 0
139.6143035889 0
139.6082763672 0
139.4618377686 1
139.3144836426 1
139.2526092529 0
139.2367248535 1
139.1778259277 0
139.1768798828 1
139.1567687988 0
139.0919952393 0
139.0850830078 1
138.9896545410 0
138.9619750977 0
138.8912811279 0
138.8147277832 0
138.7786712646 1
138.7778015137 1
138.6919860840 1
138.6624298096 1
138.6596221924 1
138.6200714111 1
138.6092681885 1
138.5751647949 0
138.5615692139 0
138.4974365234 1
138.4150543213 0
138.4124450684 1
138.3794097900 1
138.3777160645 0
138.3575592041 0
138.1962127686 1
138.0526580811 1
137.9846954346 1
137.9634857178 1
137.9336090088 0
137.8820648193 1
137.8749237061 1
137.8117523193 1
137.7866516113 0
137.7630004883 0
137.7543792725 0
137.7500610352 1
137.7451629639 1
137.7032012939 1
137.6935272217 1
137.6737518311 1
137.6707458496 0
137.6233673096 0
137.5699615479 0
137.5351715088 1
137.5180816650 0
137.5120849609 1
137.5052185059 1
137.4974670410 1
137.4666137695 0
137.4371643066 1
137.4219665527 1
137.1910247803 1
136.9809112549 1
136.9046020508 1
136.9020843506 1
136.8898315430 0
136.8712310791 1
136.8475952148 1
136.8363494873 0
136.8311309814 1
136.7716217041 1
136.7581481934 1
136.7518005371 1
136.7478179932 0
136.7088165283 1
136.6402893066 1
136.5546264648 1
136.4268951416 1
136.3414764404 1
136.3169555664 1
136.3046875000 0
136.3015899658 1
136.2821502686 1
136.2193450928 1
136.2022399902 1
136.1979217529 0
136.1816711426 1
136.1483764648 1
136.1407623291 0
136.1320800781 1
136.0100555420 1
135.8970947266 1
135.8858795166 1
135.8147277832 1
135.8021697998 1
135.6349639893 1
135.6217346191 0
135.6184844971 1
135.5593261719 0
135.5552825928 1
135.5296630859 1
135.4718933105 0
135.4460296631 1
135.3838958740 0
135.3541870117 0
135.2798461914 1
135.2678375244 1
135.1768646240 1
135.1298217773 0
135.0883636475 0
135.0478515625 1
135.0391235352 1
135.0341644287 0
134.9678802490 0
134.9521942139 1
134.8903503418 1
134.8615112305 0
134.8392181396 1
134.8057098389 0
134.7977905273 1
134.7892303467 1
134.7710418701 1
134.7676086426 1
134.7642517090 0
134.7169342041 0
134.6947479248 0
134.6194152832 1
134.6124572754 1
134.5481262207 1
134.5459594727 0
134.5272064209 1
134.4891967773 0
134.3833007812 0
134.3641967773 0
134.3615264893 0
134.3550720215 1
134.2880401611 1
134.2411346436 0
134.2357177734 1
134.2173156738 0
134.2073516846 0
134.1535949707 1
134.1423034668 1
134.0881958008 1
134.0316467285 0
133.9984130859 1
133.9906005859 0
133.9652099609 1
133.9375152588 1
133.8622131348 0
133.8451690674 0
133.7700347900 1
133.7138519287 1
133.6640625000 1
133.6358642578 1
133.5573730469 0
133.5015869141 1
133.4544067383 1
133.4369201660 1
133.3704376221 1
133.2520446777 1
133.2306213379 1
133.1996307373 0
133.1805725098 0
133.1604461670 1
132.9641418457 1
132.7917633057 0
132.6369934082 1
132.5840454102 1
132.5282287598 0
132.4466705322 1
132.4338378906 1
132.4127044678 0
132.4013519287 0
132.3826904297 0
132.3182678223 0
132.2986450195 0
132.2618560791 1
132.1366882324 0
132.1269683838 1
132.1090393066 0
132.0956268311 1
132.0664520264 1
131.9067382812 0
131.8872833252 1
131.7628936768 1
131.7556762695 0
131.7186279297 0
131.6968536377 1
131.6741790771 1
131.6309967041 1
131.6218109131 1
131.5470733643 1
131.4577178955 0
131.3696594238 1
131.3452148438 1
131.2944335938 1
131.2863159180 1
131.2237091064 1
131.1216430664 0
131.1159973145 1
131.0247192383 1
130.9684295654 1
130.9306640625 0
130.9241638184 1
130.8246307373 0
130.8192138672 1
130.6480255127 1
130.4172821045 0
130.3505554199 0
130.3408660889 1
130.3338928223 0
130.3190002441 0
130.3035583496 1
130.2901153564 1
130.2722473145 0
130.2294616699 0
130.1774291992 1
130.1681213379 1
130.1471862793 1
130.1416931152 0
130.0737304688 0
129.9985809326 1
129.9498443604 0
129.6659545898 0
129.6460723877 0
129.5475616455 1
129.5232696533 1
129.4980010986 0
129.4679260254 1
129.4503326416 1
129.3631591797 1
129.3144378662 1
129.2808227539 0
129.2772369385 0
129.2551879883 0
129.1715240479 0
129.1042022705 1
128.9397583008 1
128.9082794189 1
128.8513488770 1
128.8306884766 0
128.8267974854 1
128.5966033936 0
128.5822143555 1
128.5675659180 0
128.5223846436 1
128.4847564697 1
128.4577636719 1
128.3869781494 1
128.3634796143 0
128.3299407959 1
128.2869110107 1
128.1558380127 1
128.0851287842 0
128.0217590332 0
128.0211486816 0
127.9856033325 1
127.9444427490 0
127.9380569458 1
127.8402099609 1
127.8231811523 1
127.7412643433 0
127.7374267578 0
127.7161102295 1
127.7056045532 1
127.6770706177 1
127.6260070801 1
127.6112518311 1
127.5856552124 0
127.5563888550 1
127.4269256592 1
127.3914108276 0
127.3906478882 0
127.3062133789 0
127.1673202515 0
127.1176681519 0
127.0262451172 1
126.9832839966 0
126.9770507812 1
126.9652862549 0
126.8928451538 1
126.8756713867 1
126.7963027954 0
126.7693557739 0
126.7289505005 1
126.7036895752 1
126.7007598877 1
126.6467666626 1
126.6364974976 1
126.6196136475 0
126.5710906982 1
126.5412979126 0
126.4575042725 1
126.4521789551 1
126.4167098999 1
126.3387832642 0
126.3121871948 1
126.2039794922 0
126.0937957764 1
126.0634002686 1
126.0629501343 1
126.0279998779 0
126.0205993652 1
125.8518981934 0
125.8099212646 1
125.7010421753 1
125.6533355713 1
125.5777587891 1
125.5638961792 1
125.5104904175 1
125.4880065918 1
125.4385681152 1
125.4372406006 1
125.4083786011 1
125.2878417969 0
125.1735305786 0
125.1430664062 1
125.1066360474 1
125.1037826538 1
125.0881271362 1
125.0743560791 0
125.0660400391 0
124.8465499878 0
124.8431396484 1
124.7873458862 0
124.7365036011 1
124.6504287720 1
124.5961151123 1
124.5570983887 1
124.5478286743 0
124.4558410645 1
124.3194046021 0
124.2751388550 1
124.2691268921 0
124.2496414185 0
124.2272949219 0
124.1443862915 1
124.1360626221 0
123.9294433594 1
123.9199600220 1
123.8631134033 0
123.8363723755 1
123.8110504150 1
123.8080368042 0
123.7455368042 0
123.6859970093 0
123.6789245605 0
123.6501464844 0
123.5018310547 1
123.4363708496 0
123.4021224976 1
123.3681945801 0
123.3625259399 1
123.3219909668 1
123.3020706177 0
123.2180252075 0
123.2033767700 0
123.1842117310 1
123.1704788208 0
123.1689834595 0
123.1003723145 1
123.0994796753 1
122.9677505493 1
122.8773803711 0
122.8504028320 1
122.8154373169 1
122.8026046753 0
122.7975845337 0
122.6033706665 0
122.5582809448 0
122.5510559082 0
122.5490570068 0
122.5453720093 0
122.2849349976 1
122.2671890259 0
122.2569427490 0
122.1983337402 1
122.1109390259 0
121.9404754639 0
121.9262084961 1
121.8836975098 0
121.5587615967 1
121.5100021362 0
121.1949615479 1
121.1363906860 1
121.1113662720 0
121.0766525269 1
120.9299087524 0
120.8902664185 1
120.8407821655 0
120.7599563599 0
120.6944885254 0
120.6607360840 1
120.6413497925 0
120.6055297852 0
120.5945358276 0
120.5699005127 1
120.5282745361 0
120.4487304688 1
120.4045104980 1
120.3701629639 1
120.2376098633 0
120.2211990356 1
119.9829101562 1
119.9445190430 1
119.9076385498 0
119.7517852783 0
119.7184906006 0
119.6832275391 1
119.5961380005 0
119.5327682495 0
119.4626770020 0
119.4589767456 1
119.3053436279 1
119.1005706787 0
119.0386810303 0
118.8672714233 1
118.5743942261 0
118.5243606567 1
118.5026702881 0
118.4903945923 1
118.4870147705 0
118.4784240723 0
118.4148178101 1
118.3970565796 1
118.3523330688 1
118.3405761719 1
118.3245086670 0
118.2831649780 0
118.1584243774 0
118.1259307861 0
118.0213088989 0
117.8499908447 1
117.7508239746 0
117.6542968750 1
117.5762329102 1
117.5534820557 0
117.5179672241 0
117.4907226562 0
117.4865570068 1
117.3936996460 0
117.3797836304 1
117.3675613403 0
117.3102722168 0
117.2948913574 1
117.1024093628 0
117.0681915283 0
117.0678710938 1
117.0012893677 1
116.9936370850 1
116.8723526001 1
116.8702621460 0
116.7936935425 0
116.7856216431 0
116.7246246338 1
116.6893386841 0
116.5440139771 0
116.5389556885 0
116.4240646362 0
116.3748168945 1
116.3621597290 0
116.3150863647 0
116.2438354492 1
116.1849441528 1
116.1713638306 1
116.0141754150 1
115.9865417480 0
115.9769668579 0
115.8184051514 1
115.6910629272 1
115.6882858276 1
115.6106338501 0
115.4912948608 1
115.4725799561 1
115.4725723267 0
115.2173843384 0
115.2082595825 0
115.1513137817 0
115.1305236816 1
115.0090637207 0
114.8005218506 0
114.7946319580 0
114.7531585693 0
114.6802673340 1
114.6074981689 0
114.5825881958 0
114.5510864258 0
114.5421600342 0
114.4599838257 0
114.4331283569 0
114.2987747192 0
114.2174224854 0
114.1863479614 1
114.0973358154 1
114.0298919678 0
113.9985427856 1
113.9763259888 0
113.7570419312 0
113.7497406006 0
113.4589233398 0
113.4534225464 0
113.3396377563 0
113.1987075806 1
113.1402740479 1
113.0824737549 1
112.8623809814 0
112.7736816406 1
112.7577896118 0
112.7547225952 0
112.6914291382 0
112.6425628662 0
112.6291961670 1
112.5352783203 0
112.4757080078 0
112.3992156982 0
112.3663177490 0
112.3428726196 0
112.3112640381 1
112.2655944824 1
112.2369689941 1
112.2255935669 1
112.1926345825 0
112.1646194458 0
112.0912551880 0
111.8721771240 0
111.8538665771 1
111.8367309570 0
111.7422332764 1
111.6359100342 0
111.5271606445 0
111.4246749878 0
111.4074249268 1
111.3636703491 1
111.3566131592 0
111.3482818604 0
111.2395629883 0
111.1979675293 1
110.9779434204 0
110.9067077637 0
110.8935241699 1
110.7992782593 1
110.7825164795 1
110.7311935425 0
110.6362533569 0
110.5714645386 1
110.5433959961 1
110.2310485840 0
110.1580657959 1
110.0870513916 0
110.0314483643 0
109.7968750000 0
109.7853393555 1
109.5497970581 0
109.5458679199 0
109.5196838379 1
109.2227020264 1
109.2070693970 0
109.1065521240 0
108.9656600952 1
108.7783737183 0
108.6337814331 0
108.5970535278 0
108.4892272949 0
108.4248199463 1
108.2054672241 0
108.1157836914 1
108.0055541992 1
107.9311218262 1
107.7066574097 0
107.5338973999 0
107.3690795898 0
107.3016662598 0
107.2990875244 1
107.2845993042 1
107.2763519287 0
107.2218780518 0
107.1874618530 0
107.1236648560 0
106.8450317383 0
106.8279571533 0
106.7908325195 1
106.7275466919 0
106.5248489380 0
106.4825820923 1
106.3585891724 0
106.0963745117 0
106.0906372070 0
105.9624023438 0
105.2491607666 0
105.2174301147 0
104.9900207520 0
104.9712371826 1
104.8229370117 0
104.6745758057 1
104.6533737183 0
104.3657760620 0
104.2123184204 0
104.1841659546 1
104.1730728149 0
104.0430984497 0
103.9960479736 0
103.9803619385 0
103.6019439697 0
103.5134582520 0
103.4696121216 0
103.3959884644 0
103.2042388916 0
102.9767608643 0
102.9633407593 0
102.9312438965 0
102.8794021606 0
102.5718841553 0
102.5560607910 0
102.3186340332 0
102.2702331543 0
102.2085647583 0
102.0778656006 0
102.0497741699 1
102.0290145874 0
102.0150451660 0
101.7189025879 0
101.6353912354 0
101.5317382812 0
101.3969879150 0
101.1112365723 0
100.9235839844 0
100.7765731812 0
100.7749481201 0
100.7474136353 0
100.5568771362 0
100.4140472412 0
100.3989028931 0
100.3006515503 0
100.0902328491 0
100.0784835815 0
99.9888153076 0
99.7971267700 1
99.6149520874 0
99.6078033447 0
99.4286956787 0
99.0463714600 1
98.2110824585 1
97.9075241089 0
97.5524826050 0
97.5359573364 0
97.3683929443 1
97.0445098877 0
96.9100799561 0
96.9011840820 0
96.8855056763 1
96.8284149170 0
96.6664123535 0
96.3958206177 0
96.2975921631 0
96.2233428955 1
95.8852920532 0
95.8287734985 0
95.8138656616 0
95.6116180420 0
95.5602798462 0
95.4888687134 0
95.4693603516 0
95.1759033203 0
95.0186767578 0
94.9120254517 0
94.8990631104 0
94.7245178223 0
94.5825653076 0
94.3576583862 0
94.1614608765 0
94.0321655273 1
93.9785308838 1
93.8072052002 0
93.7881698608 0
93.7827148438 1
93.7303466797 0
93.0342864990 0
92.8708190918 0
92.8535766602 0
92.7323760986 0
92.6437606812 0
92.6016311646 0
92.5148544312 0
92.4791717529 0
92.1072692871 0
91.8500823975 0
91.7837829590 0
91.6322402954 0
91.6073226929 0
91.4387741089 0
91.3728637695 0
91.3521423340 0
91.3039855957 1
91.1359481812 0
90.9751739502 0
90.7508697510 0
90.6680526733 0
90.6242675781 0
90.0750579834 0
89.8488006592 0
89.5592651367 0
89.4267120361 0
89.3782958984 0
89.3710632324 0
89.2386245728 0
89.1580352783 0
89.0265960693 0
88.9910659790 0
88.8051986694 1
88.7500534058 0
88.6584854126 0
88.6020965576 0
88.6014251709 0
88.3428573608 0
87.6627731323 0
87.6315841675 0
87.0039520264 0
86.9862899780 0
86.9479522705 0
86.7885208130 0
86.5282135010 1
86.4527664185 0
86.4456558228 0
86.3666992188 0
86.3361816406 0
85.3738708496 0
85.2854232788 0
85.0325393677 0
84.9094390869 0
84.8734741211 0
84.7764587402 0
84.7623367310 0
84.6606979370 0
84.6533203125 0
84.4310836792 0
84.1240386963 0
83.9526748657 0
83.8827438354 0
83.8190917969 0
83.6357574463 0
83.5839462280 0
83.4197235107 0
83.2018814087 0
83.0836334229 0
82.9328079224 0
82.9273834229 0
82.9121551514 0
82.8838424683 0
82.8493499756 0
82.6530456543 0
82.5575790405 0
81.8569946289 0
81.3308639526 0
81.0206222534 0
80.6685409546 0
80.6478042603 0
80.6277465820 0
80.3170242310 0
80.2765121460 0
79.9795303345 1
79.8927078247 0
79.5148468018 0
79.3073348999 0
77.9089889526 0
77.7235260010 0
77.5275268555 0
77.2719955444 0
77.2674179077 1
77.1497955322 0
77.0434494019 0
76.6035308838 1
76.5882797241 0
76.3139572144 1
76.2414321899 0
76.1842880249 0
75.9524536133 0
75.8479766846 0
75.7604904175 0
75.4435195923 0
75.3576278687 0
75.3059158325 0
74.2416458130 0
73.6912612915 0
73.3785324097 0
73.1095809937 0
72.9605255127 1
72.8162689209 0
72.6594390869 0
72.4174118042 0
72.2776336670 0
72.1019592285 0
71.8862075806 0
71.3722000122 0
71.1568908691 0
70.0036926270 0
69.8549880981 0
69.5452957153 0
69.2390518188 0
69.0469970703 0
68.2283782959 0
67.2586593628 0
66.7091140747 0
66.5381774902 0
66.4802246094 0
66.4683761597 0
66.3495025635 0
65.9957962036 0
65.3425598145 1
64.7820281982 0
64.5577163696 0
63.9703063965 0
63.7287940979 0
63.6034622192 0
63.5612754822 0
62.6738510132 0
62.6253356934 0
62.4555091858 0
62.3626823425 0
62.2795829773 0
62.2510261536 0
61.8350181580 0
61.0215606689 0
60.3526039124 0
60.2819213867 0
59.2635307312 0
59.2426147461 0
59.0052108765 0
58.9438209534 0
58.8460350037 0
58.8408355713 0
57.7232246399 0
57.3139190674 0
55.3834915161 0
55.1577987671 0
54.3719291687 0
54.2661628723 0
53.8802719116 0
53.3015289307 0
52.8982543945 0
52.2807579041 0
52.0201683044 0
51.3550491333 0
50.8761978149 0
50.8079986572 0
50.0680122375 0
49.8808670044 0
49.0097351074 0
48.9580688477 0
47.2269783020 0
47.0176963806 0
46.8300514221 0
46.6298255920 0
45.4176979065 0
43.6184310913 0
42.3105506897 0
40.6459236145 0
40.0298309326 0
39.5445022583 0
39.1524620056 0
38.6167869568 0
38.4358863831 0
33.6951255798 0
30.6499271393 0
30.5827789307 0
30.2769241333 0
27.1376342773 0
18.2492027283 0
15.1808996201 0
14.1351022720 0
12.9575691223 0
12.4770908356 0
11.9081163406 0
5.6609168053 0
