1610 1664
1365 1478
2060 486
1266 2087
2079 1868
1842 598
2281 553
1257 1462
2200 597
2061 2089
2141 2385
1366 1478
2142 2385
2333 1077
1852 2372
2252 2016
1775 603
2367 893
1301 1991
1930 917
2235 594
1844 545
1629 1450
1785 482
1245 2481
2981 2063
1853 917
2124 1362
1005 1688
2723 837
3064 2051
2066 385
2977 1411
1268 2674
2246 795
1349 1476
2432 1161
2062 1364
1267 1997
2365 1058
771 520
1846 673
1678 1999
1051 1109
2113 480
1841 359
1835 285
769 625
1777 391
1661 2339
725 520
778 821
2243 1061
1515 1659
723 625
1503 2335
1344 2674
1247 2157
2651 648
1691 291
2021 2025
1246 2371
2890 1119
1778 392
2327 1342
1513 110
1170 2396
1676 111
2873 1414
1978 1866
1345 2481
2789 1119
1793 188
2001 1080
2388 955
1686 1664
1776 484
1988 599
2910 2058
1864 494
1592 165
3071 2053
1989 2156
1350 1494
1127 2092
722 821
1538 2680
1372 628
721 821
1867 494
2058 383
2011 198
2667 649
2330 1058
2237 906
724 520
2870 2061
2282 554
1665 2133
509 350
1874 1378
2301 781
2110 384
2140 1819
2968 1710
727 420
1529 294
1718 1676
1339 1997
3052 2941
1046 694
1241 2476
1601 1664
898 413
2793 1452
2108 478
1795 673
2735 1125
2149 343
2650 648
2238 1345
1949 1628
1383 2687
1504 2341
1226 2194
1669 188
1675 111
815 422
1303 1493
2063 2115
1996 559
940 1688
2483 1323
1597 1676
1680 484
2117 932
2358 943
1341 2514
1384 2396
1711 825
1547 1495
1981 284
1613 2133
2018 311
1672 111
2082 1819
2982 1715
2232 553
2006 2380
1550 629
1617 242
2935 2513
2132 1366
1833 282
558 252
1427 1515
1684 673
779 310
2795 1719
2324 779
2967 2043
1242 2669
1380 1401
1377 1111
2003 1080
500 363
1838 288
2940 2337
572 252
1694 1835
2150 372
911 517
1942 2373
2672 668
982 832
1984 388
1688 396
1977 1866
1053 2030
2731 669
2398 1050
1696 1835
2222 1194
1800 1198
553 245
2734 1499
2652 649
1837 2343
1258 2396
797 821
2288 1246
1619 613
1847 392
2484 552
3148 2798
1685 396
1151 407
2730 668
2671 1125
2239 1061
2911 1714
2326 781
1265 2327
1356 120
1535 122
1928 388
3050 2941
2803 1123
620 314
2384 1034
1681 287
2476 574
1006 1688
1464 2341
1637 67
3062 2464
643 430
2747 1417
1658 2132
2005 2379
2328 906
1539 2376
1279 2369
1679 603
1169 1112
3177 3168
1270 1475
2872 1452
2488 683
2071 1744
1306 85
1843 600
552 436
2449 1231
2019 1678
2472 552
1870 494
1361 121
2964 1708
2397 893
1465 1747
1607 455
1540 825
2748 1413
2799 1718
2416 573
1779 287
1717 1693
2589 845
1213 2442
1052 832
1353 2371
3135 2939
3053 2941
2286 915
2138 1366
2798 1717
1293 85
1786 1818
2649 648
1866 812
2722 837
1112 300
2492 576
1530 270
1673 2357
3134 2939
2864 1119
2676 1420
2788 1119
2749 1717
2116 1816
2677 1416
2862 1119
1848 111
1627 290
2993 2941
2678 851
1697 613
3063 2052
920 307
2112 1816
2733 1417
937 1376
1612 2339
2184 321
1476 824
1216 1395
2325 568
2606 845
1636 191
2309 916
1638 396
2078 1816
2346 573
2578 466
1992 787
2614 699
2056 1213
625 315
933 693
2746 837
1952 598
2909 2057
2577 522
1707 618
3159 3095
3012 2637
2022 311
1304 201
2315 973
1706 1818
2109 383
2451 1231
2724 839
1144 204
1911 2344
1249 1674
570 314
1517 193
2419 574
1689 393
2347 572
2863 1119
1230 2662
621 179
2004 2373
2023 333
1325 2329
3079 1982
1660 2339
2906 1412
2738 1420
993 827
3059 2049
1869 166
2593 846
2995 2043
2188 321
2804 669
1946 2197
2111 478
3121 2939
2617 648
1454 629
1639 393
984 827
1351 2687
1909 1832
1348 1658
3005 2052
922 413
2368 893
2579 456
2791 1411
1320 2194
2280 1045
2656 668
2072 1868
1451 2341
2475 573
3004 2941
2979 2416
2486 662
3163 3066
2387 930
1693 612
1596 113
2687 668
506 318
2332 1343
2732 1417
928 709
1830 2354
1381 2397
1143 302
551 252
2236 446
1243 2003
2385 1193
2535 576
3136 2939
1228 2662
1290 2369
3072 2421
2865 1411
2345 573
899 374
2012 2379
2287 942
1526 1494
2139 1847
1049 1250
2242 1345
2664 668
2594 851
825 822
1518 114
2477 576
3142 2798
1954 2198
1780 1095
2874 1719
2447 1231
2473 683
1338 2087
2590 576
3101 2939
1671 191
2524 456
2914 2155
2576 648
2725 1119
2534 576
2049 2385
554 245
1983 284
2323 781
1453 629
1343 2369
1554 1450
1975 1832
1354 2157
2532 683
2693 772
1628 487
2537 577
1754 2132
1704 367
1641 270
3133 2939
1845 483
1598 47
2905 2691
1854 111
1606 484
1150 407
1713 135
2841 1645
1479 79
2417 552
2452 1050
1367 563
2886 3062
2884 2337
1925 1626
795 140
3195 3168
2588 664
819 822
2467 442
2143 2386
2348 552
1105 1109
2782 1703
2607 576
2073 343
2809 1645
878 822
2801 1417
1918 2181
2120 706
1806 805
2975 1711
1035 355
2182 1847
2151 372
3100 2939
1849 2363
1912 917
927 207
1523 1659
2283 781
2769 1547
2729 668
1667 2343
3026 2348
1543 1093
2216 941
2969 2943
1700 151
938 822
2362 930
1555 2687
1616 396
1986 931
2299 973
726 420
2794 2061
2244 597
3139 3068
2418 683
2241 1345
2219 954
2081 2026
647 219
1534 121
1034 355
2302 446
2123 1816
2928 2513
2059 931
1337 2670
545 252
1699 196
1998 1080
1712 815
1859 115
1683 393
1158 834
536 350
1308 2396
826 175
2317 1045
2478 577
2290 1058
2721 1117
1379 1396
2970 2943
