1543 1819
1800 2077
1592 644
1846 1384
1875 2201
1638 937
1549 2003
1498 2380
1690 877
1536 620
1391 621
2358 1104
1513 548
1636 660
2123 2176
1147 671
1456 488
2150 959
1780 1812
1295 507
1182 797
2007 1889
1110 1209
2112 1967
1699 770
2111 869
1877 2455
1861 1006
1602 2092
1254 2646
1304 855
1583 369
1540 1621
1455 503
2011 668
1853 1529
1841 766
1744 866
1355 772
2384 1103
1680 1129
2017 2066
1671 660
1146 735
1685 874
2416 1444
1160 526
1569 245
1776 1188
2061 2264
1735 485
1645 697
1248 2420
1468 317
2363 1147
1984 871
2218 1168
2300 1494
2142 2685
1530 862
1130 526
1600 479
2246 1190
2054 1086
1307 495
1356 731
1062 742
1178 738
1854 551
1983 661
1868 1007
1161 518
1246 2845
2196 1484
1541 1621
1775 1187
1914 972
1119 630
1250 506
1453 1622
1046 1814
2333 1485
1266 2734
1535 674
2263 1441
1829 2387
1835 764
1151 1080
2216 1168
1405 245
148 3
2294 1319
2221 1317
1639 938
1347 2409
2280 1278
1143 882
1359 884
1303 2324
1370 559
2081 2429
1614 547
1465 2331
1667 2637
2799 2029
974 260
1316 2329
1911 2640
1768 554
1111 1095
2079 2122
1862 627
1694 2422
2053 1964
1262 214
1157 517
829 894
1707 1399
1674 660
532 303
995 677
1103 881
1187 172
2141 2685
1839 549
1945 1963
2155 1440
1526 2441
1309 535
1388 535
1688 937
1416 367
923 1335
1154 1338
2110 765
1172 574
1360 857
1859 627
151 6
2024 846
1125 1337
1374 1620
1281 2996
1041 1336
1036 881
236 50
1166 2866
1447 367
2491 1110
2187 1364
1249 2663
2311 1073
1150 1210
1695 552
1376 1818
900 1114
1789 1772
1739 733
2135 2429
1648 484
1930 1529
1362 556
373 219
173 23
1479 550
2025 846
223 25
1878 680
191 23
625 1282
1764 454
1002 259
1627 662
1352 2998
1005 2680
1480 515
1750 376
2389 1174
1779 823
1132 534
1607 997
1545 3002
1792 2387
296 361
1843 1384
1207 286
572 1273
2209 1581
1042 1208
1350 2311
842 1027
982 1811
2320 1494
975 260
1124 1336
798 894
1795 1385
1837 2640
93 363
1245 2843
826 949
1646 633
1049 2446
295 75
1353 2845
1628 1191
1055 570
2045 490
1297 2329
1785 995
1247 2782
2489 1271
1864 1005
558 1273
2252 2326
1807 2076
1579 632
1713 564
1975 1963
1365 2310
2315 1172
335 120
1128 826
1158 1815
996 840
1958 490
168 46
2322 1494
2009 1216
1644 866
1852 2648
1918 2397
1971 1879
1740 633
2388 1174
1978 2074
1760 279
1777 940
1373 1409
1672 433
816 1214
904 943
823 1703
2208 1102
903 736
1973 1964
313 262
1665 2632
1658 2158
817 1131
1144 854
922 1335
1874 2077
1949 1879
2226 1581
37 66
267 75
68 253
901 1114
1343 2840
1009 742
838 943
1034 1010
1907 451
1790 1887
1095 259
1737 928
77 141
256 50
1179 738
1715 1997
2151 959
146 6
1379 2110
1692 553
1882 972
1037 853
1952 1320
2346 1453
1621 770
1520 1059
152 0
1683 836
1746 733
1499 2380
1088 259
1377 2002
89 28
2345 1453
1994 860
1613 2636
2071 1966
1599 1622
1842 1188
266 75
983 747
1251 2004
2734 1843
158 23
1052 2108
1977 2121
1323 2378
178 269
2010 1216
1232 518
1375 2660
1159 1816
380 262
899 1215
1400 172
1342 2332
792 965
929 1705
1519 552
215 270
1104 854
1429 2378
245 75
1296 172
1548 2092
1849 2640
1619 1281
949 864
167 46
1641 862
1348 2303
1681 768
1206 294
48 40
1702 666
2036 1274
1048 1814
1686 2350
1997 872
2264 1441
1256 2660
1711 1820
1869 676
1596 618
1169 2109
1012 260
1114 738
1551 496
920 1093
207 47
1880 972
1508 2569
1058 650
725 1685
1512 2331
1924 1052
1168 2447
1292 730
138 203
1970 1879
179 235
2152 1242
1620 1004
1322 2378
280 262
112 15
1183 797
1313 2319
780 1131
1337 2942
78 141
1261 172
2029 1086
2301 1091
1472 2155
1805 549
1705 778
1821 1962
1293 730
2072 2122
1712 1707
238 154
2190 1971
1942 2540
1430 2380
1917 1777
1033 1094
952 943
165 81
1612 2629
934 779
1625 2062
1421 317
1554 2206
1283 2204
2106 1966
128 34
1279 2840
64 31
1407 246
45 41
912 750
553 1273
1372 1409
160 81
169 46
1626 433
1574 282
2012 2685
2044 587
2032 410
1051 2108
613 389
2149 912
898 1215
2268 1252
724 1685
1255 2998
182 269
2188 785
793 858
1867 1005
890 736
1106 526
1351 2998
1844 1106
109 3
824 949
1731 376
234 119
956 1029
1820 1887
293 113
1938 586
2023 909
1286 2378
209 116
1555 3002
1216 2203
1383 3131
1300 2375
1518 550
261 50
1679 1187
1920 796
1131 518
1529 885
2327 1494
1678 2527
2027 910
1066 742
1876 2519
1870 1005
902 717
1673 2527
1167 2683
1881 972
2063 2424
1682 958
783 1425
1432 2304
2288 1582
1906 376
412 262
50 31
830 894
1786 2519
1611 2062
1448 369
1850 1529
1022 567
1556 2461
1145 774
2794 2029
843 1029
1905 485
190 23
1120 172
1243 2735
1280 2324
2030 1239
249 154
1419 631
88 45
1378 487
771 1685
1928 766
1040 1408
35 102
2219 1278
1879 796
181 269
2018 668
1899 376
291 361
643 1413
1550 1621
957 1233
1833 655
272 262
2013 2685
2049 2685
1466 3131
1515 2304
287 82
1071 172
2060 871
921 1407
1578 700
304 262
1662 2632
2299 1171
935 747
1572 282
1418 631
144 45
1494 2155
451 247
1314 2376
1408 246
1380 2208
2870 2023
2022 783
188 81
63 31
1745 810
1730 376
1953 2264
932 1810
1015 645
1609 553
953 943
1338 2734
2132 1797
1064 221
1363 502
2200 947
779 1131
1497 2155
1070 907
1956 841
1067 793
1026 683
2078 1966
149 3
1539 2845
2114 765
2109 762
2000 2424
1568 245
1856 2600
1483 536
1586 739
177 269
183 237
1901 847
1804 658
1366 2310
1691 768
1197 294
1065 221
2033 451
1941 2121
754 329
145 26
1050 2446
1185 172
1990 2264
312 262
2325 948
66 40
2157 1441
1318 2375
1982 763
1714 2076
210 47
243 75
1729 245
1148 628
1582 445
105 3
2113 871
1537 503
693 299
129 23
1912 1529
1753 1913
94 250
142 26
2073 846
2040 583
1271 2109
1517 663
2031 1241
46 41
81 31
1511 2395
239 62
51 253
1552 488
522 303
930 777
1547 2462
172 81
978 421
781 858
1595 740
1257 2310
1985 2121
685 339
1558 536
1233 575
1661 2629
2192 992
1294 2845
1354 2782
1016 570
1020 412
2531 1442
1454 1409
1202 498
1334 2942
2317 1171
571 1222
1710 620
73 29
628 1282
660 299
2235 935
147 3
1704 880
1285 2375
2128 998
787 1027
2323 1091
17 73
175 354
2372 1147
283 226
1542 1340
42 66
2174 490
645 1282
1934 865
1201 511
2206 1144
137 203
1857 1529
36 66
1598 496
