2166 1888
2998 1378
2302 2055
2079 2039
2285 1630
2229 1948
2284 1630
2259 1630
2589 1705
2832 2046
3078 1733
2923 2052
1738 2013
2668 767
2295 2169
1819 2015
3035 1663
2697 1509
2829 1255
2885 1215
2751 768
2588 1569
2080 730
2597 767
3340 1385
1850 792
3393 1044
1913 1849
2140 1901
3030 2194
2165 1888
2676 2239
3314 1060
2745 1904
1748 1850
2281 1567
2715 1206
3077 1732
1545 2454
2843 1527
1998 1424
3076 2061
2443 2182
2861 1836
2245 2169
2682 1763
1538 2001
1630 2300
2193 2107
3350 1056
2989 1980
3208 1727
3489 1041
1451 1086
2908 130
3307 391
3476 868
2753 565
3003 2056
2916 1057
1537 2163
2949 2191
3203 1868
1863 1603
2452 2352
3400 1053
2790 2536
1681 2005
2738 1206
3490 1166
2556 505
3879 553
2865 1746
2678 565
3065 258
2703 2103
2748 2041
2910 1836
3059 1713
1954 1830
1606 2363
2870 130
1737 1882
3063 253
2881 1317
2824 2371
1898 2532
1515 2163
3407 1728
3258 1001
2459 197
1524 2163
3813 1079
3408 1526
2927 1381
2595 673
2160 2036
1332 949
3338 1040
2911 255
2183 2087
1787 2355
2669 768
3389 1042
2741 1509
3846 621
2917 1057
1327 786
2192 2107
2912 130
1816 1883
2792 2371
3812 1079
3199 562
3865 222
2754 876
1994 1187
2539 777
3062 252
1447 950
2935 1735
2184 1095
2190 1767
1540 2198
3422 707
2447 2156
1807 1849
3603 1127
2918 765
3064 388
1784 1849
2830 133
2373 100
2289 1866
2461 507
1453 1410
3825 381
2635 2103
2709 1571
1611 2009
3763 250
2467 85
2620 422
3899 553
2000 2532
3700 126
1543 2440
1336 356
4005 1106
1251 617
2666 2474
3940 376
2914 325
2256 1420
3252 918
3840 1079
3316 1065
1539 2008
3828 383
1578 442
2991 1713
1990 794
1771 184
1868 2532
4100 2399
3276 1250
4029 1103
3933 2410
3664 1127
1696 790
2082 1765
1544 2440
4010 1437
3242 1727
1679 2013
2325 2088
3309 1723
3558 1221
1233 1172
1554 590
3532 67
3965 2141
3696 113
1434 2225
2003 1765
2844 456
3086 2362
2742 1571
3989 1602
2465 2368
3453 707
2571 2474
3211 608
1536 1995
2440 1947
4002 1103
3856 1807
1351 434
2716 326
2763 1527
3282 1001
3200 693
4041 1167
4190 2393
1702 1419
2724 2256
1329 587
3738 1149
1431 2283
3088 1101
3713 446
1469 438
2629 2534
2710 931
3325 640
3002 2056
3876 223
1430 2224
1559 1173
2149 2026
3508 67
3898 708
4016 2400
3171 924
3341 55
3712 460
3864 2403
1700 1174
1435 2291
1897 2636
3411 55
2791 2371
3858 2410
2757 931
2592 2034
1525 2440
3699 107
1855 1093
1330 479
2855 1518
3929 2400
3485 1041
1335 1172
2735 1231
2772 32
4117 2206
3923 1437
3757 247
3827 382
2663 1843
3986 780
3759 248
2872 88
2758 2336
3961 1800
1231 785
3131 1158
2606 505
3894 379
1152 615
2633 95
4385 2718
2511 95
1420 2225
2634 44
2002 2532
3654 320
2478 94
3734 113
2039 1893
1467 288
2056 1901
3783 1451
3775 628
4065 1167
4184 2390
2909 252
3800 247
3071 766
3334 916
3578 320
4003 1431
3678 107
2759 1067
4382 2718
2878 2259
3492 1045
3507 58
2926 88
3845 814
3981 708
4060 751
1813 1830
1614 2530
2766 32
1518 2294
3897 551
3762 248
2405 8
3636 1221
3943 550
3277 1001
2598 681
3908 1264
1331 1081
4063 1369
1235 586
3838 1076
3651 318
2474 1762
3516 836
4148 1574
2238 1567
3938 1791
3896 475
3810 383
3130 253
3760 248
2774 157
2462 417
1558 1090
2864 1735
2602 776
1409 2283
3503 54
1432 2163
1410 2225
2476 2102
3311 763
2189 1426
3506 58
4292 2206
2293 1
3248 473
3954 1264
3457 58
4368 2538
1604 704
1761 1603
1996 1871
3830 383
3735 628
3847 815
3653 320
2773 152
3930 2141
4020 753
1720 442
3132 253
3953 760
2930 2184
1503 438
4032 1772
2737 1205
4111 1574
2055 1971
1552 789
2915 1867
2858 565
1943 1901
2130 1971
3645 75
4018 2398
2689 1904
2869 129
4087 1431
3761 248
3612 320
4160 1574
1859 1870
2239 2026
4224 2549
2557 505
2395 2101
2854 1532
3931 1800
3872 1085
2631 1763
3823 246
3631 107
3266 693
3318 58
2907 129
3919 814
3701 107
2614 2426
3310 1725
4017 2400
4266 2449
2304 2078
4084 1773
2692 1067
4004 1431
4213 2120
4069 2070
3432 58
1468 288
3263 640
3978 549
1381 949
2601 567
2765 264
1841 2522
1450 1086
1857 1174
2992 255
3339 1514
2752 673
2291 1
1579 439
1400 2283
3900 553
3112 2057
1521 439
2952 2373
3413 58
3336 640
3066 388
4066 1167
4362 2620
4021 2069
4098 2126
3390 977
2046 488
1230 27
4091 2379
2307 417
4178 1778
1424 1409
3774 621
3983 1062
2929 1733
3644 73
4162 1749
1875 444
1715 200
1910 1857
2296 7
3167 1007
1718 442
2619 420
3262 55
2797 44
3505 58
1436 2291
3629 107
1706 184
3574 58
1631 1091
4177 1778
2446 7
2701 1066
2477 2369
2733 1843
3924 1791
3807 1079
3877 348
1995 1424
4431 2718
2834 2354
4289 2549
3821 348
3824 551
3785 1149
3330 539
4155 1749
2883 1663
3979 550
2599 673
4154 1744
2529 85
2921 457
1703 2526
2890 1215
2546 149
2458 350
3027 2209
1654 442
2928 88
1411 2291
2402 2461
4321 1570
3885 222
3948 1265
4107 1744
3990 1389
3504 55
2744 1707
1541 2440
1575 323
2004 2098
1395 2225
4108 2379
3375 1251
3415 58
1313 617
4296 2390
3985 1062
2950 32
3901 553
4031 548
3306 523
4172 1777
2778 1067
2616 777
4146 1369
3587 899
4218 2449
4272 1734
4159 1574
1858 179
3575 67
3141 562
1349 341
3358 1728
3486 1037
1433 2225
3576 67
1698 1092
2775 269
4186 2399
3871 383
1322 341
3192 253
3615 113
2545 776
3170 1007
2150 1
3870 708
2418 2461
4114 1750
2723 2256
3728 1128
2441 1
3960 2141
2594 5
4024 2400
2789 2371
2712 524
4089 1777
2221 1
1949 1684
3964 2400
2574 2474
3987 1741
4297 2390
2740 1255
3018 388
2771 264
3895 475
2782 166
1612 790
2107 795
2600 32
2311 2088
3683 113
2510 2032
3246 884
2069 1
2604 888
3195 389
3680 451
3024 2194
3197 58
3202 1377
3790 1824
2312 416
2050 1635
3412 58
2611 265
3698 126
3756 247
4072 1389
3950 1267
3834 1079
3520 55
2746 257
1719 442
4088 2116
4267 2247
2882 1518
2884 2256
2667 1206
4070 1956
1705 184
1686 2455
2726 2413
3829 383
2743 1571
1622 2198
1534 2224
3902 554
2781 1067
3758 247
4099 2398
3695 247
4067 1574
4370 2538
4171 2383
1354 617
3744 126
2708 1231
4180 2206
4291 2206
2442 1866
3089 2359
3162 1158
2170 2078
2639 44
2783 32
2770 401
1714 2578
3972 548
1644 1850
2711 524
2152 1
3859 2411
4287 2119
3854 2411
2955 44
3534 58
3857 1800
4219 2449
3418 521
2097 629
4071 1744
2148 1
2755 524
1402 1084
3928 2403
3984 780
2756 396
3778 816
4196 2383
3997 1236
3711 460
3826 708
3313 55
3833 1074
3589 672
3484 1034
1131 27
2421 2474
4372 2545
3295 1040
2851 1571
1386 615
3977 549
3439 54
1229 27
4011 1437
3982 1167
2729 2413
2486 167
2886 2256
3343 671
3646 441
2154 1
4015 1800
4271 2083
2420 2474
1852 2355
4090 1777
2700 138
4097 2390
2401 2461
2457 345
3992 1954
2688 1207
3189 1718
3087 2173
3568 56
2607 32
1842 594
1388 1081
3648 446
3399 1728
3697 107
2439 1
2691 264
4040 549
3566 65
3816 1244
2412 1866
2394 85
2001 2636
3907 1263
2367 417
3875 814
3627 113
1516 2291
3741 1128
4068 1574
3519 1166
4092 1778
2094 1
2871 134
2292 2169
2512 94
4263 2333
2699 139
1526 1838
3582 671
2423 2474
2191 2106
3511 521
4078 1574
3941 1437
4147 1734
2605 567
2796 169
3884 2403
2794 44
4013 2141
1992 1095
2035 1889
3798 1079
3429 1045
3957 1396
3312 55
3362 523
2826 2256
2095 1869
4113 2071
2618 603
2750 139
1437 2291
3572 446
2331 2100
2294 5
3795 815
1652 184
2695 1231
2913 134
3723 851
3661 851
2730 1532
2848 1215
3727 1127
3710 441
4150 2332
3722 851
4293 2206
3911 1552
2422 2474
2768 1527
3609 65
4238 1570
1721 439
2672 95
4378 2645
2460 100
1542 2294
3293 916
3571 54
3139 1868
2931 2158
2842 1343
1567 2091
4437 2667
4006 1778
3880 1262
1639 442
3660 851
3630 107
1690 2529
2138 1685
4174 2379
3773 621
3561 1166
1321 346
890 25
3862 1150
2693 44
3649 446
3893 379
4183 2390
1348 346
1501 2495
2877 2257
3996 2069
2637 95
4336 1570
3304 387
3517 640
3748 122
3502 54
1247 346
2448 32
4191 2399
2980 1846
2271 1971
1741 443
1808 1830
2793 169
3874 2403
2888 1662
3404 56
3081 2173
3082 1951
4384 2620
3903 553
4283 2382
1984 2094
3815 1244
3370 1002
3308 556
2974 2194
3241 385
3448 1224
3073 1732
3090 44
4149 1574
3129 1718
2769 524
1553 590
3804 621
2596 2183
3988 1742
3805 816
2509 449
3010 44
3551 1025
2287 1
2953 44
4061 751
3091 44
4179 2120
1585 690
4290 2206
4058 549
2290 1
3860 1244
3305 391
3694 122
3910 1395
4294 2390
1697 591
1580 439
2591 1631
1438 2241
3573 58
3633 107
3038 1846
4216 1724
3792 1149
1499 2163
4452 2502
2624 95
3079 83
2622 32
2840 2257
3904 553
3533 113
2690 2172
3265 870
2696 1206
2045 1890
3409 54
2305 24
2570 2474
3639 1221
1243 366
2317 496
2713 401
2939 1735
4102 2398
2414 575
3317 58
1401 2225
