1828 3686
1505 955
1627 921
1669 2198
2146 3286
1786 3686
1463 1461
2124 3360
2048 3680
1840 2839
792 355
1500 1315
1758 3552
1719 3702
2455 2872
1316 477
1762 1526
1930 3289
1504 954
1312 1105
974 445
1527 1759
2140 1523
1781 3357
657 428
1875 1816
2628 1290
1229 483
1148 660
1390 1758
1513 1552
623 502
1369 790
1029 538
2413 2602
2158 2618
1109 508
2621 3053
1737 518
1124 1874
1975 2521
3058 1488
971 446
2172 2634
715 452
784 258
1351 854
977 262
1535 2395
489 467
2302 1809
1228 479
1447 591
511 529
1529 1418
1293 933
2414 2447
988 943
979 533
1692 511
777 294
1847 914
1870 2507
1298 820
2336 1520
1348 447
463 404
614 502
563 433
2333 1517
2432 1520
2079 2020
2630 1292
1613 775
711 667
2356 3612
2403 1517
1172 444
3259 1703
1153 765
1367 791
1624 1181
588 570
3203 1695
2623 1284
2569 1290
2094 1715
1277 838
2260 1514
733 255
2699 1296
1481 651
887 493
1641 2616
1278 765
2489 826
1354 656
1038 1135
1234 580
2570 1292
2641 1098
462 404
1426 994
1384 1341
1296 1140
2637 1245
1479 629
1621 777
107 130
646 231
1041 970
1788 2507
1439 694
591 572
1594 1980
3008 3699
1732 2855
1085 531
683 270
512 507
2739 1687
2443 1529
2515 1179
1848 747
318 401
2468 2887
2219 1506
2711 1290
753 607
1240 818
1857 1306
1826 3686
638 244
2239 1416
2998 3355
498 314
615 502
1591 1246
1114 482
2535 1920
586 475
2778 1688
1842 914
2386 1076
1549 980
2332 1617
1177 545
527 729
2532 2341
1079 845
1691 511
1427 994
2757 1688
878 762
1521 3102
2947 3507
2223 1616
2572 930
2006 2840
1622 1180
2676 1395
1400 566
1281 586
1302 786
1898 2195
2728 3043
1032 687
2956 3609
1573 1180
1450 1092
846 1969
2438 2863
1178 354
3105 1808
791 258
647 229
90 78
786 717
1173 442
1323 881
3325 1776
1858 1230
2605 2586
1512 1551
2632 1292
1027 538
2081 1840
1556 592
1514 1418
1554 980
1350 917
2649 930
1389 1758
1244 1138
2885 1516
2719 1395
729 270
491 681
36 34
1314 822
125 122
1415 975
844 458
2214 2049
1482 746
2774 1483
559 1326
188 135
139 166
624 502
2257 1940
1655 3476
3042 1486
1035 970
2558 929
3055 1693
1859 3083
1572 1190
2603 2816
2308 1167
1876 4050
3205 1490
3078 3428
509 278
2148 1523
3408 1779
522 512
2141 1523
109 80
2078 2069
573 509
294 401
2852 1497
1654 3662
2237 1198
942 348
1385 2885
652 1646
1039 1135
2182 3666
1650 2449
3248 1695
1421 1160
1735 2478
20 34
2502 1078
1651 2449
2864 1454
1634 1311
2500 1074
1532 1980
1304 483
526 338
1665 3105
2116 3071
518 512
1623 1190
1942 3853
2402 1617
1807 3357
582 296
1434 312
3177 1412
1180 660
1483 537
3046 2333
1522 2984
2372 2144
1803 3550
336 401
3260 1493
3104 1808
2123 3276
840 625
126 122
1569 2984
2977 1502
1081 716
2163 3466
1430 697
820 355
2322 1178
1345 544
1209 1114
3285 1532
1246 1138
2259 1591
3087 3611
2616 3346
337 401
1361 1094
182 184
1258 395
2228 3658
2627 1290
2224 1512
1661 3103
3255 2136
2516 2864
1268 839
1526 2394
2390 1178
728 663
2593 1699
1106 522
2779 1689
1667 2076
2622 1217
1242 971
2804 3043
783 294
1175 545
709 1745
1344 544
3247 1914
1924 3156
900 419
2150 1313
1741 3542
841 557
517 534
1372 1105
1238 691
566 288
2931 1152
104 118
3213 1878
2551 1216
192 135
2951 2131
894 717
583 296
3246 1913
918 2211
2170 3472
85 154
590 686
667 555
882 762
827 295
3131 1318
1083 596
599 964
1630 925
1219 2025
2421 2602
745 686
2142 1313
1423 591
1327 920
1305 821
2539 1501
485 466
803 391
817 257
1320 853
1196 463
1398 463
843 454
505 464
1189 676
1871 1526
2679 988
1132 395
1754 3550
2952 2018
2861 1700
448 1556
1519 3302
1970 3150
142 132
1854 916
1599 2449
1534 2196
1275 997
1220 469
1708 3836
1080 846
713 624
790 294
1247 973
668 556
669 553
779 717
2536 1920
64 67
1629 1311
732 270
1411 824
1233 579
1993 3392
2110 2738
1555 591
1324 823
1410 693
852 794
2953 1689
658 428
1558 700
1869 3289
1185 662
164 184
2700 1098
113 106
1144 837
589 686
2275 2699
496 247
2517 2728
1287 658
1998 3680
2755 2476
1960 3705
68 67
896 391
1383 1550
639 280
523 240
2283 1294
3189 1795
867 2250
3057 1488
1976 3756
825 356
111 130
2678 987
2545 2816
3256 1913
1237 819
708 1968
1030 687
1533 1980
1864 1526
744 686
1 6
91 79
1409 584
3257 1914
1597 889
2725 1687
2758 2100
578 240
1856 1305
2782 2129
2312 2602
2948 1502
839 664
103 118
3241 1493
3584 2044
3005 1422
2534 2048
771 717
2396 1297
2958 3355
2377 1500
1582 2616
524 472
2354 3680
1971 3276
2715 1483
476 681
594 729
3214 1914
3211 2134
1841 774
2424 2362
1301 923
1356 920
742 478
3080 3611
2598 2341
1536 2396
2959 1017
1091 549
1626 922
735 230
716 421
2162 3565
758 607
870 2211
2217 1812
2996 2698
497 430
2429 1727
2184 3472
1891 3523
3585 2044
1702 2861
2528 2819
1396 2194
2154 1529
1761 2851
2439 2864
1550 824
3395 1631
1877 4051
2084 1447
1449 447
1645 2867
2537 1705
1824 3372
1931 3853
2012 3565
2382 1165
648 476
2061 3061
1616 777
1748 3083
3206 1491
1488 655
897 391
597 1563
1407 514
1900 2398
1896 3307
2447 932
2218 1639
1547 699
730 946
1742 3551
2271 2699
989 798
154 181
3535 1941
714 452
1158 312
2459 2887
1943 3287
2127 880
2656 952
93 77
756 712
1722 3628
508 301
161 156
534 248
1491 1246
1686 701
437 744
499 293
1760 2851
76 9
2225 1416
2946 2817
970 446
1888 3662
1714 2855
495 289
2298 835
2418 1079
2898 1101
1649 2871
2530 2588
3411 1779
2009 1309
2307 1076
2433 1308
1581 2449
1813 3211
584 381
1018 1874
1614 650
60 77
1489 519
1042 971
1922 3210
1956 3193
1028 621
1044 758
671 231
3044 1275
2949 1007
3240 1490
2144 3463
2022 1840
1646 2464
2241 2491
1740 3550
1115 2420
637 254
1031 687
1926 3274
1941 3686
1343 443
2128 3463
2272 2699
2363 3051
2130 3286
2884 1516
3180 2995
670 269
1778 3159
2152 2863
1215 1548
1640 2616
2346 3814
3089 3429
1444 746
1408 584
1417 1145
2279 2144
1723 3542
1862 1091
2462 857
1921 3444
1863 3212
2962 1242
1120 353
1979 3014
712 667
1279 839
2887 1301
1725 3551
773 2250
2423 2447
2096 1458
112 122
1211 671
993 674
991 668
1486 917
2060 3168
1043 816
1846 3077
3355 1779
1780 3628
1983 2445
826 355
1174 350
572 512
481 520
2024 2020
351 405
1957 3360
2020 2069
2135 912
1442 528
2408 2853
976 550
1149 524
3128 1516
19 5
2415 2277
795 2054
2501 1077
2080 2020
2004 2599
761 390
1965 3061
625 502
2314 2277
2299 2146
313 405
1140 577
26 5
1886 4050
3161 1565
739 284
2780 2129
2655 944
1311 657
706 2092
519 288
2209 704
1283 312
1191 1009
2937 2129
1590 630
1459 312
2430 1617
2171 3472
1934 3379
416 1645
92 79
1363 1094
2166 3714
155 156
579 233
473 611
2238 1177
1133 1874
2335 2447
560 1326
907 2420
488 467
190 135
2960 1690
1395 2193
1231 483
1239 818
2617 3053
1075 845
3013 2698
2722 1023
3059 1275
1537 2194
1236 580
3115 3443
1751 2507
2077 2069
1974 3077
1374 790
1291 662
2398 1591
3399 1532
1882 4050
1937 3063
2633 1296
3056 1693
2011 3565
490 314
1321 636
2965 3609
3501 1635
1297 975
