0 1984
1 1918
2 4024
3 4024
4 3680
5 1882
6 1922
7 580
8 3314
9 2284
10 1581
11 1915
12 1636
13 2105
14 812
15 2616
16 2694
17 1581
18 2104
19 1173
20 2985
21 2437
22 2437
23 965
24 2520
25 3574
26 1581
27 894
28 24
29 3210
30 1882
31 323
32 1546
33 1546
34 2985
35 3763
36 850
37 4103
38 3129
39 952
40 2139
41 2748
42 1546
43 511
44 1711
45 2094
46 316
47 3935
48 952
49 1743
50 632
51 3935
52 2648
53 2648
54 3601
55 4077
56 3256
57 1057
58 3233
59 2192
60 3450
61 445
62 3453
63 544
64 3841
65 2764
66 3960
67 2796
68 2616
69 2614
70 2614
71 707
72 3683
73 3421
74 3651
75 1743
76 3849
77 3346
78 2108
79 2835
80 1267
81 987
82 73
83 1097
84 957
85 2302
86 2671
87 1855
88 2243
89 1544
90 311
91 1607
92 1007
93 2860
94 2171
95 3256
96 1007
97 2176
98 3682
99 2077
100 1821
101 1821
102 1293
103 3591
104 371
105 3432
106 700
107 1074
108 3469
109 3469
110 3717
111 1291
112 949
113 2792
114 2207
115 1036
116 2028
117 71
118 511
119 764
120 4151
121 1743
122 3394
123 952
124 2264
125 1060
126 1192
127 3274
128 979
129 979
130 1192
131 3256
132 915
133 915
134 558
135 1631
136 205
137 3233
138 2251
139 1768
140 2251
141 2176
142 3206
143 3010
144 957
145 2631
146 4151
147 3069
148 3051
149 4109
150 1939
151 1192
152 1192
153 3747
154 2776
155 2648
156 2176
157 2631
158 2028
159 1192
160 3327
161 226
162 3382
163 1202
164 2176
165 3574
166 3935
167 525
168 3641
169 1286
170 1192
171 4170
172 2102
173 3948
174 2537
175 833
176 2537
177 2864
178 3574
179 3256
180 2940
181 632
182 632
183 632
184 1859
185 3641
186 3363
187 3567
188 1975
189 2624
190 2860
191 516
192 2410
193 632
194 1192
195 3793
196 1465
197 1192
198 4010
199 1007
200 3670
201 1192
202 915
203 1192
204 915
205 3274
206 3126
207 691
208 3251
209 2176
210 3960
211 3744
212 3568
213 1249
214 2529
215 2631
216 2682
217 2631
218 580
219 1321
220 820
221 3504
222 3346
223 1977
224 1007
225 1677
226 1060
227 2176
228 1350
229 2631
230 133
231 3363
232 3504
233 1977
234 1007
235 1882
236 2290
237 133
238 957
239 1977
240 1192
241 1020
242 237
243 4001
244 537
245 3169
246 2219
247 1330
248 577
249 2282
250 2046
251 3535
252 2732
253 2276
254 1438
255 3935
256 3656
257 1758
258 3798
259 3935
260 3573
261 3782
262 553
263 3574
264 633
265 1961
266 1528
267 2855
268 577
269 633
270 204
271 204
272 3234
273 3821
274 621
275 1007
276 2219
277 2604
278 1220
279 2985
280 1939
281 3274
282 3515
283 862
284 2887
285 3670
286 2993
287 3445
288 3671
289 3991
290 438
291 3991
292 1112
293 3348
294 139
295 3348
296 139
297 2631
298 2631
299 2631
300 2633
301 2612
302 3744
303 3574
304 2682
305 3744
306 478
307 478
308 2207
309 2682
310 3363
311 3348
312 3935
313 3515
314 3991
315 1061
316 3935
317 1057
318 139
319 2612
320 1002
321 3756
322 4093
323 204
324 1939
325 3991
326 3348
327 3574
328 957
329 2067
330 2345
331 478
332 1293
333 2725
334 2137
335 638
336 1726
337 3567
338 2137
339 3536
340 3567
341 977
342 1192
343 2860
344 833
345 243
346 2067
347 2067
348 3268
349 3630
350 3967
351 3227
352 3227
353 1913
354 1913
355 204
356 1007
357 204
358 204
359 2749
360 100
361 3592
362 1248
363 3574
364 1131
365 3172
366 3574
367 3574
368 412
369 957
370 2606
371 2671
372 1354
373 1977
374 2631
375 3051
376 702
377 702
378 1060
379 1354
380 1354
381 2271
382 2614
383 3567
384 1131
385 957
386 820
387 2682
388 1020
389 456
390 3747
391 204
392 1248
393 854
394 3217
395 1007
396 3286
397 1977
398 1436
399 96
400 2067
401 1448
402 2816
403 2067
404 500
405 500
406 2215
407 991
408 2345
409 3221
410 2614
411 651
412 2618
413 3297
414 243
415 1404
416 1137
417 1556
418 845
419 190
420 1528
421 71
422 3747
423 883
424 833
425 3741
426 2368
427 3705
428 3268
429 805
430 4039
431 1164
432 438
433 2721
434 3639
435 1597
436 39
437 3227
438 3227
439 3256
440 441
441 927
442 3592
443 3429
444 2980
445 159
446 1743
447 2980
448 3136
449 1855
450 2224
451 3763
452 2874
453 873
454 702
455 2631
456 3361
457 2109
458 957
459 3361
460 558
461 1020
462 1916
463 2816
464 2995
465 2067
466 3227
467 2816
468 596
469 3227
470 3388
471 2071
472 121
473 2816
474 1952
475 1652
476 3928
477 2984
478 3481
479 833
480 3568
481 1914
482 3227
483 133
484 1983
485 1537
486 1845
487 1393
488 1983
489 2741
490 133
491 2916
492 2520
493 2064
494 3724
495 3221
496 546
497 2859
498 3724
499 2860
500 311
501 2982
502 2859
503 369
504 1607
505 219
506 191
507 2368
508 190
509 1905
510 650
511 3849
512 1845
513 1914
514 2368
515 4039
516 3234
517 1450
518 952
519 1905
520 1933
521 2194
522 3639
523 1805
524 1781
525 243
526 243
527 243
528 243
529 2734
530 2682
531 1007
532 2734
533 2653
534 2682
535 2227
536 188
537 133
538 2921
539 277
540 3429
541 3592
542 3429
543 3276
544 3965
545 4102
546 2616
547 2965
548 1704
549 881
550 3208
551 4060
552 3670
553 4060
554 4019
555 3361
556 2774
557 580
558 1377
559 254
560 2936
561 1905
562 1933
563 96
564 1480
565 2368
566 2614
567 1438
568 245
569 4142
570 1480
571 3306
572 3537
573 898
574 2993
575 2066
576 1859
577 995
578 2859
579 3743
580 1006
581 621
582 3733
583 1283
584 3829
585 3429
586 2982
587 533
588 2259
589 2631
590 435
591 702
592 2680
593 2282
594 74
595 1781
596 900
597 536
598 772
599 3052
600 323
601 2916
602 3394
603 3344
604 3608
605 580
606 3274
607 2617
608 3517
609 987
610 3517
611 3517
612 995
613 2798
614 3221
615 1955
616 2916
617 3208
618 1707
619 163
620 747
621 2948
622 1705
623 2626
624 650
625 3505
626 1933
627 970
628 398
629 1474
630 3602
631 1849
632 1849
633 4060
634 3094
635 204
636 1007
637 3825
638 3869
639 2832
640 3449
641 622
642 3733
643 1218
644 2520
645 3889
646 816
647 1478
648 864
649 3890
650 3429
651 4102
652 805
653 3203
654 3203
655 10
656 4142
657 136
658 577
659 2984
660 1772
661 2841
662 3042
663 3208
664 3042
665 2903
666 4060
667 3052
668 3052
669 3221
670 2916
671 218
672 3576
673 943
674 2841
675 2917
676 2614
677 3517
678 1836
679 3052
680 2916
681 1705
682 658
683 2617
684 1849
685 1849
686 2808
687 245
688 1474
689 2521
690 2832
691 1652
692 1955
693 1074
694 2451
695 1474
696 1001
697 2928
698 4008
699 2521
700 2521
701 2604
702 3517
703 237
704 1276
705 3869
706 1301
707 3595
708 3799
709 3370
710 1301
711 3297
712 2484
713 3528
714 2366
715 2679
716 1989
717 3592
718 2916
719 2147
720 2916
721 2916
722 3221
723 2823
724 546
725 982
726 2823
727 707
728 1159
729 2823
730 3990
731 3344
732 2715
733 563
734 647
735 521
736 3387
737 2264
738 2916
739 188
740 647
741 3990
742 2617
743 3724
744 3338
745 2816
746 3436
747 3791
748 707
749 3686
750 237
751 1478
752 2816
753 4056
754 1309
755 2614
756 2066
757 228
758 2903
759 183
760 2816
761 1309
762 2176
763 183
764 1028
765 3743
766 3804
767 2227
768 2524
769 3079
770 1622
771 1982
772 3006
773 2500
774 2808
775 2742
776 133
777 1751
778 1755
779 2832
780 1291
781 816
782 1176
783 3699
784 3963
785 2995
786 3195
787 700
788 4148
789 2606
790 3862
791 700
792 2920
793 2808
794 905
795 3467
796 2874
797 3481
798 2028
799 3233
800 3289
801 905
802 2111
803 2194
804 541
805 2928
806 3724
807 816
808 3862
809 3185
810 2916
811 2823
812 2276
813 2997
814 1014
815 2381
816 3125
817 2171
818 3862
819 1619
820 388
821 546
822 3724
823 1675
824 3849
825 1176
826 1014
827 3771
828 183
829 1687
830 1684
831 3467
832 2171
833 707
834 2816
835 183
836 3074
837 1558
838 3306
839 1797
840 3858
841 249
842 3052
843 71
844 3306
845 398
846 243
847 621
848 3849
849 700
850 311
851 2259
852 3469
853 982
854 900
855 2946
856 1495
857 1565
858 1576
859 3233
860 3641
861 330
862 41
863 3011
864 2251
865 2982
866 3696
867 2816
868 2916
869 2916
870 2921
871 2916
872 1057
873 3344
874 74
875 3344
876 982
877 2823
878 2234
879 3344
880 2823
881 1608
882 2292
883 2633
884 1509
885 624
886 133
887 3452
888 1202
889 398
890 647
891 521
892 71
893 702
894 71
895 188
896 3387
897 647
898 2648
899 707
900 647
901 647
902 2816
903 2823
904 647
905 647
906 3387
907 3793
908 2816
909 3517
910 1342
911 3602
912 947
913 3791
914 1028
915 243
916 2874
917 2765
918 1863
919 2765
920 2946
921 979
922 1537
923 2491
924 85
925 390
926 3467
927 3394
928 3849
929 1537
930 2810
931 1660
932 762
933 3849
934 1660
935 283
936 3608
937 258
938 71
939 1582
940 3858
941 1636
942 1919
943 3713
944 952
945 4016
946 1587
947 1700
948 316
949 3388
950 1417
951 2815
952 2197
953 2171
954 4080
955 3410
956 39
957 3071
958 3329
959 3126
960 3126
961 1021
962 4072
963 3052
964 1092
965 3909
966 2767
967 72
968 1259
969 2148
970 3909
971 1763
972 3909
973 1913
974 647
975 982
976 72
977 647
978 1342
979 2980
980 2032
981 2993
982 1092
983 2207
984 204
985 2066
986 2032
987 3990
988 72
989 900
990 1023
991 2815
992 3788
993 647
994 3791
995 3394
996 2171
997 2980
998 2916
999 72
1000 3682
1001 2156
1002 73
1003 1607
1004 910
1005 3268
1006 3666
1007 1092
1008 3120
1009 2916
1010 1402
1011 2916
1012 2916
1013 2631
1014 2916
1015 854
1016 2080
1017 3387
1018 521
1019 1057
1020 3515
1021 2684
1022 2680
1023 2617
1024 2617
1025 2104
1026 1608
1027 3990
1028 2860
1029 2292
1030 2815
1031 2292
1032 2997
1033 71
1034 577
1035 1544
1036 3670
1037 2823
1038 1914
1039 1007
1040 2147
1041 2823
1042 71
1043 2066
1044 1111
1045 2224
1046 2823
1047 2147
1048 647
1049 3739
1050 3791
1051 1730
1052 3221
1053 2816
1054 2063
1055 243
1056 3741
1057 1646
1058 3741
1059 430
1060 2147
1061 204
1062 2051
1063 2066
1064 193
1065 650
1066 2147
1067 4048
1068 900
1069 1379
1070 808
1071 3026
1072 3082
1073 2410
1074 2161
1075 2118
1076 3467
1077 1571
1078 2776
1079 92
1080 3690
1081 2627
1082 71
1083 1582
1084 1264
1085 3033
1086 3608
1087 3849
1088 3714
1089 977
1090 179
1091 2980
1092 1833
1093 2874
1094 2024
1095 3694
1096 1267
1097 987
1098 650
1099 4133
1100 4169
1101 1597
1102 2066
1103 2874
1104 2171
1105 3651
1106 237
1107 2982
1108 2101
1109 3772
1110 1342
1111 3256
1112 606
1113 2993
1114 2171
1115 793
1116 4151
1117 3670
1118 3210
1119 3313
1120 1267
1121 1267
1122 203
1123 2995
1124 1619
1125 606
1126 2815
1127 1927
1128 2682
1129 2815
1130 2815
1131 1447
1132 1982
1133 1054
1134 265
1135 3666
1136 1983
1137 1011
1138 1461
1139 2815
1140 2815
1141 3227
1142 3334
1143 438
1144 3268
1145 3879
1146 3157
1147 3504
1148 2617
1149 133
1150 3387
1151 1202
1152 71
1153 2859
1154 601
1155 2147
1156 3363
1157 1446
1158 1375
1159 265
1160 2370
1161 1061
1162 2350
1163 2063
1164 1058
1165 1192
1166 2616
1167 977
1168 1982
1169 2612
1170 3791
1171 3641
1172 2850
1173 2815
1174 1054
1175 195
1176 2147
1177 2066
1178 2063
1179 1380
1180 2171
1181 1863
1182 1544
1183 2292
1184 2767
1185 1608
1186 3739
1187 3791
1188 2063
1189 237
1190 3789
1191 1001
1192 2815
1193 3440
1194 1208
1195 3407
1196 188
1197 2816
1198 1192
1199 756
1200 757
1201 911
1202 4058
1203 74
1204 3313
1205 3421
1206 1097
1207 3990
1208 3954
1209 2063
1210 621
1211 3605
1212 3301
1213 3313
1214 1619
1215 2684
1216 1890
1217 200
1218 3233
1219 71
1220 71
1221 3363
1222 1923
1223 3564
1224 939
1225 3387
1226 2796
1227 2616
1228 3452
1229 2631
1230 3990
1231 3529
1232 1558
1233 3990
1234 2617
1235 3274
1236 1202
1237 2863
1238 2997
1239 96
1240 2823
1241 2997
1242 204
1243 1686
1244 2067
1245 1007
1246 3539
1247 71
1248 2631
1249 1870
1250 72
1251 71
1252 1028
1253 2147
1254 3238
1255 3238
1256 276
1257 3238
1258 2574
1259 2276
1260 2276
1261 2063
1262 3765
1263 2816
1264 3217
1265 3574
1266 2033
1267 1607
1268 2024
1269 3195
1270 991
1271 3524
1272 2261
1273 163
1274 2410
1275 135
1276 1017
1277 2055
1278 1837
1279 1150
1280 3511
1281 3306
1282 71
1283 3033
1284 2421
1285 1607
1286 2330
1287 3997
1288 3597
1289 2353
1290 2264
1291 3306
1292 71
1293 3333
1294 1299
1295 2225
1296 3575
1297 642
1298 642
1299 2330
1300 2149
1301 2614
1302 3006
1303 3597
1304 1948
1305 3677
1306 1380
1307 176
1308 3617
1309 2995
1310 4158
1311 1565
1312 1660
1313 3227
1314 1660
1315 3960
1316 3313
1317 3655
1318 3292
1319 3227
1320 1342
1321 2916
1322 905
1323 3152
1324 2627
1325 41
1326 3733
1327 1295
1328 3651
1329 3789
1330 947
1331 3256
1332 836
1333 3256
1334 1024
1335 2815
1336 2682
1337 1730
1338 2431
1339 4151
1340 3440
1341 3169
1342 818
1343 330
1344 2104
1345 1375
1346 74
1347 330
1348 3879
1349 2815
1350 2105
1351 2105
1352 3107
1353 323
1354 3107
1355 3797
1356 558
1357 3244
1358 4158
1359 3651
1360 2109
1361 3221
1362 2997
1363 1901
1364 2574
1365 3407
1366 3006
1367 1342
1368 1002
1369 4151
1370 1927
1371 3407
1372 151
1373 200
1374 3990
1375 1034
1376 3238
1377 4008
1378 1480
1379 3709
1380 3655
1381 1164
1382 3122
1383 3041
1384 2484
1385 188
1386 3274
1387 3804
1388 3935
1389 2321
1390 1295
1391 1923
1392 1923
1393 1330
1394 3255
1395 1157
1396 1675
1397 3421
1398 3294
1399 1528
1400 2617
1401 1364
1402 3610
1403 2063
1404 3765
1405 323
1406 1480
1407 2055
1408 3804
1409 4151
1410 1914
1411 512
1412 3693
1413 3256
1414 2431
1415 521
1416 2997
1417 883
1418 591
1419 3539
1420 72
1421 3610
1422 2980
1423 3467
1424 1841
1425 3666
1426 3051
1427 3556
1428 2916
1429 2067
1430 2916
1431 71
1432 2997
1433 2946
1434 1735
1435 4060
1436 1630
1437 188
1438 1582
1439 650
1440 71
1441 345
1442 3617
1443 952
1444 3244
1445 907
1446 2606
1447 3011
1448 204
1449 116
1450 820
1451 3333
1452 1607
1453 4151
1454 3074
1455 1660
1456 3344
1457 982
1458 2612
1459 2077
1460 2916
1461 1916
1462 1977
1463 71
1464 854
1465 1824
1466 4110
1467 2631
1468 1554
1469 3456
1470 905
1471 1913
1472 1901
1473 143
1474 2997
1475 915
1476 900
1477 521
1478 3227
1479 546
1480 2942
1481 1901
1482 2823
1483 4188
1484 204
1485 204
1486 2823
1487 204
1488 3610
1489 116
1490 1561
1491 1774
1492 3308
1493 3238
1494 3818
1495 2063
1496 3221
1497 292
1498 2982
1499 468
1500 3799
1501 1939
1502 3799
1503 580
1504 3567
1505 555
1506 4060
1507 92
1508 3990
1509 1417
1510 133
1511 943
1512 3968
1513 2946
1514 2931
1515 1417
1516 2948
1517 935
1518 3653
1519 4111
1520 3597
1521 2388
1522 3252
1523 2816
1524 972
1525 167
1526 3274
1527 1283
1528 968
1529 1730
1530 1607
1531 2821
1532 3120
1533 18
1534 1159
1535 2421
1536 2823
1537 3511
1538 1223
1539 772
1540 717
1541 843
1542 3152
1543 2995
1544 2995
1545 772
1546 2614
1547 772
1548 3770
1549 1837
1550 2995
1551 2921
1552 622
1553 3935
1554 4133
1555 3805
1556 1378
1557 511
1558 915
1559 666
1560 1378
1561 2171
1562 1983
1563 2171
1564 1743
1565 2171
1566 2171
1567 3029
1568 2192
1569 2001
1570 2546
1571 1007
1572 3344
1573 2264
1574 3046
1575 3308
1576 3818
1577 2973
1578 2973
1579 238
1580 2117
1581 4001
1582 3227
1583 4001
1584 398
1585 1267
1586 622
1587 717
1588 1955
1589 666
1590 1915
1591 982
1592 3564
1593 1916
1594 3849
1595 398
1596 511
1597 1348
1598 3694
1599 1378
1600 2606
1601 1597
1602 1192
1603 1913
1604 143
1605 3818
1606 1355
1607 92
1608 3574
1609 2979
1610 3610
1611 2207
1612 92
1613 1772
1614 3963
1615 1544
1616 915
1617 2420
1618 1901
1619 139
1620 143
1621 3670
1622 2916
1623 3818
1624 3375
1625 3576
1626 1753
1627 39
1628 2995
1629 284
1630 2916
1631 2469
1632 3032
1633 1628
1634 1628
1635 323
1636 1661
1637 1977
1638 71
1639 3003
1640 1394
1641 4187
1642 1913
1643 2997
1644 1528
1645 621
1646 3052
1647 2997
1648 1092
1649 915
1650 1901
1651 3052
1652 1454
1653 188
1654 2997
1655 2997
1656 139
1657 116
1658 3227
1659 2858
1660 695
1661 1791
1662 2612
1663 428
1664 2345
1665 369
1666 1791
1667 2214
1668 2147
1669 3102
1670 3799
1671 3763
1672 4111
1673 1897
1674 2617
1675 3674
1676 4111
1677 1383
1678 3512
1679 3701
1680 632
1681 1417
1682 1685
1683 3709
1684 3878
1685 1772
1686 2874
1687 4191
1688 4158
1689 905
1690 4190
1691 3467
1692 3592
1693 2821
1694 2458
1695 132
1696 132
1697 3554
1698 3917
1699 3574
1700 2421
1701 3382
1702 2325
1703 1889
1704 3662
1705 3799
1706 3295
1707 2161
1708 3986
1709 2995
1710 2171
1711 2171
1712 2171
1713 1763
1714 2105
1715 845
1716 3052
1717 1259
1718 2001
1719 2483
1720 1354
1721 3630
1722 4126
1723 3568
1724 4080
1725 2966
1726 2171
1727 71
1728 4148
1729 1061
1730 237
1731 1753
1732 3651
1733 3699
1734 756
1735 2606
1736 3693
1737 4158
1738 957
1739 4158
1740 23
1741 2458
1742 3861
1743 2458
1744 702
1745 1403
1746 2997
1747 2704
1748 2971
1749 3630
1750 3617
1751 292
1752 2208
1753 952
1754 230
1755 1437
1756 4190
1757 1706
1758 3602
1759 1780
1760 2614
1761 1074
1762 3011
1763 1446
1764 3605
1765 2843
1766 3306
1767 2928
1768 3069
1769 237
1770 4111
1771 1007
1772 1264
1773 3003
1774 1020
1775 2055
1776 3841
1777 2251
1778 844
1779 463
1780 2091
1781 4054
1782 544
1783 2957
1784 1768
1785 32
1786 2721
1787 3132
1788 2488
1789 2900
1790 2936
1791 982
1792 3445
1793 702
1794 3511
1795 168
1796 2736
1797 1057
1798 1446
1799 2796
1800 243
1801 3007
1802 1859
1803 3168
1804 1007
1805 2711
1806 579
1807 671
1808 3799
1809 2484
1810 2711
1811 3641
1812 3592
1813 1916
1814 3295
1815 108
1816 3705
1817 4054
1818 3040
1819 116
1820 2218
1821 3746
1822 3363
1823 672
1824 905
1825 682
1826 3724
1827 3977
1828 1007
1829 10
1830 2737
1831 2985
1832 3241
1833 2028
1834 465
1835 465
1836 600
1837 1786
1838 1546
1839 123
1840 3348
1841 2957
1842 137
1843 3991
1844 1129
1845 3841
1846 2711
1847 3990
1848 4024
1849 672
1850 594
1851 3074
1852 2236
1853 2067
1854 3891
1855 2787
1856 3185
1857 656
1858 3185
1859 2066
1860 3456
1861 3641
1862 204
1863 1678
1864 2506
1865 152
1866 4104
1867 3308
1868 2982
1869 4054
1870 2711
1871 2628
1872 2276
1873 2711
1874 2900
1875 841
1876 1786
1877 2024
1878 968
1879 4107
1880 1330
1881 3051
1882 1060
1883 1290
1884 116
1885 311
1886 2786
1887 203
1888 3917
1889 2251
1890 3804
1891 905
1892 2067
1893 2682
1894 2868
1895 3642
1896 503
1897 1238
1898 4008
1899 2868
1900 1675
1901 3041
1902 799
1903 1546
1904 3486
1905 323
1906 2737
1907 3297
1908 243
1909 1706
1910 246
1911 1624
1912 529
1913 3445
1914 3744
1915 2615
1916 4111
1917 3639
1918 4027
1919 3595
1920 3069
1921 392
1922 1464
1923 1823
1924 1400
1925 3724
1926 3977
1927 2711
1928 3172
1929 4080
1930 1249
1931 2101
1932 1903
1933 2101
1934 671
1935 4001
1936 2451
1937 2379
1938 2118
1939 1559
1940 1092
1941 1547
1942 1223
1943 2276
1944 2424
1945 193
1946 3278
1947 3858
1948 183
1949 2864
1950 3818
1951 1185
1952 3348
1953 3803
1954 2917
1955 2096
1956 3654
1957 3
1958 2612
1959 2628
1960 3551
1961 1261
1962 1559
1963 1057
1964 4020
1965 433
1966 3567
1967 465
1968 2631
1969 2053
1970 3105
1971 3275
1972 2067
1973 2853
1974 2821
1975 3361
1976 2711
1977 3775
1978 3166
1979 139
1980 2615
1981 2723
1982 4021
1983 3970
1984 1342
1985 2101
1986 1267
1987 292
1988 2985
1989 932
1990 4185
1991 702
1992 3571
1993 1514
1994 3042
1995 3278
1996 116
1997 3468
1998 2424
1999 3651
2000 3486
2001 3476
2002 2219
2003 301
2004 3
2005 1011
2006 3210
2007 2096
2008 541
2009 965
2010 1383
2011 2894
2012 3775
2013 799
2014 1131
2015 1849
2016 1143
2017 3363
2018 3274
2019 1496
2020 619
2021 2332
2022 1103
2023 1768
2024 3069
2025 1740
2026 4048
2027 553
2028 577
2029 1342
2030 3970
2031 1074
2032 2321
2033 3920
2034 1717
2035 2464
2036 2424
2037 1546
2038 168
2039 2543
2040 2208
2041 1903
2042 3775
2043 650
2044 2830
2045 2396
2046 682
2047 1362
2048 2711
2049 2628
2050 1945
2051 518
2052 1341
2053 1764
2054 3977
2055 4170
2056 1685
2057 24
2058 2176
2059 2796
2060 209
2061 2823
2062 3828
2063 2128
2064 2774
2065 573
2066 3663
2067 3465
2068 1061
2069 546
2070 2251
2071 3610
2072 3133
2073 116
2074 2921
2075 915
2076 3274
2077 2631
2078 1164
2079 3221
2080 749
2081 3894
2082 2070
2083 3387
2084 3313
2085 3069
2086 2993
2087 2251
2088 4028
2089 4008
2090 4027
2091 2748
2092 1768
2093 2109
2094 323
2095 470
2096 1446
2097 2520
2098 979
2099 2029
2100 3429
2101 3690
2102 3465
2103 2345
2104 926
2105 3951
2106 3342
2107 1446
2108 3135
2109 3956
2110 2251
2111 3574
2112 3677
2113 2737
2114 1403
2115 3453
2116 1196
2117 4151
2118 3353
2119 3361
2120 646
2121 2050
2122 594
2123 3813
2124 4121
2125 3641
2126 3052
2127 682
2128 39
2129 3074
2130 3363
2131 413
2132 1383
2133 4008
2134 1571
2135 1327
2136 2678
2137 917
2138 3920
2139 243
2140 204
2141 671
2142 1989
2143 3268
2144 4072
2145 1031
2146 3421
2147 1465
2148 413
2149 4008
2150 3060
2151 106
2152 3172
2153 2243
2154 4008
2155 2628
2156 671
2157 1740
2158 813
2159 3221
2160 747
2161 4054
2162 4024
2163 4107
2164 2130
2165 1089
2166 1590
2167 3308
2168 143
2169 1743
2170 2057
2171 3393
2172 2704
2173 2821
2174 915
2175 3010
2176 2276
2177 4054
2178 2628
2179 655
2180 3467
2181 143
2182 3970
2183 682
2184 3758
2185 4054
2186 1914
2187 4171
2188 3770
2189 4054
2190 846
2191 209
2192 3071
2193 970
2194 682
2195 3059
2196 4090
2197 1559
2198 3333
2199 2296
2200 2628
2201 1873
2202 283
2203 2864
2204 1086
2205 168
2206 3456
2207 2492
2208 3151
2209 1829
2210 3445
2211 237
2212 2866
2213 1952
2214 3210
2215 1448
2216 1007
2217 4024
2218 2919
2219 2945
2220 996
2221 915
2222 1454
2223 3069
2224 2303
2225 3270
2226 470
2227 311
2228 2682
2229 1498
2230 2582
2231 1223
2232 3143
2233 2815
2234 3210
2235 1547
2236 2108
2237 3006
2238 41
2239 965
2240 2804
2241 3991
2242 133
2243 3122
2244 799
2245 56
2246 470
2247 323
2248 4151
2249 1733
2250 3421
2251 2254
2252 656
2253 521
2254 1301
2255 1768
2256 3361
2257 1171
2258 3280
2259 1380
2260 2919
2261 2214
2262 3817
2263 2679
2264 3977
2265 2455
2266 1354
2267 1293
2268 1031
2269 3927
2270 3738
2271 1574
2272 3505
2273 2194
2274 2050
2275 3663
2276 3906
2277 682
2278 2176
2279 2057
2280 1221
2281 3168
2282 3889
2283 3849
2284 1903
2285 1590
2286 4090
2287 4107
2288 2711
2289 2321
2290 2945
2291 1406
2292 3242
2293 4060
2294 1781
2295 223
2296 3329
2297 2617
2298 4107
2299 1429
2300 4080
2301 3445
2302 1001
2303 4158
2304 3925
2305 3746
2306 1915
2307 3769
2308 4054
2309 3529
2310 3157
2311 71
2312 3368
2313 1791
2314 3458
2315 1722
2316 3853
2317 1829
2318 2840
2319 3917
2320 2796
2321 2894
2322 1089
2323 2679
2324 2078
2325 2161
2326 243
2327 965
2328 3087
2329 3348
2330 2762
2331 3019
2332 3243
2333 1865
2334 127
2335 2711
2336 3338
2337 1328
2338 1544
2339 2711
2340 3739
2341 196
2342 1636
2343 1436
2344 1281
2345 1903
2346 3778
2347 799
2348 2517
2349 3073
2350 1944
2351 4107
2352 707
2353 671
2354 2225
2355 3931
2356 1715
2357 2424
2358 1327
2359 2997
2360 1330
2361 537
2362 3639
2363 3485
2364 189
2365 3333
2366 3234
2367 2805
2368 336
2369 3221
2370 1348
2371 1690
2372 3174
2373 1195
2374 1197
2375 1619
2376 3997
2377 3551
2378 3968
2379 3906
2380 1020
2381 1547
2382 1768
2383 1913
2384 4054
2385 2044
2386 1587
2387 102
2388 3194
2389 4151
2390 4054
2391 1293
2392 1031
2393 2517
2394 1740
2395 3008
2396 1786
2397 1889
2398 948
2399 2251
2400 1903
2401 381
2402 1286
2403 2323
2404 3274
2405 957
2406 2031
2407 1913
2408 1061
2409 137
2410 4110
2411 1348
2412 3194
2413 2901
2414 413
2415 3821
2416 621
2417 2421
2418 3827
2419 4054
2420 511
2421 196
2422 1001
2423 3436
2424 2379
2425 3041
2426 1717
2427 3116
2428 2462
2429 2997
2430 1634
2431 3387
2432 671
2433 3567
2434 2346
2435 4074
2436 549
2437 3920
2438 3124
2439 2853
2440 243
2441 3465
2442 3970
2443 2176
2444 2628
2445 2335
2446 2866
2447 4044
2448 3046
2449 3387
2450 243
2451 3485
2452 3892
2453 632
2454 127
2455 2955
2456 2916
2457 1461
2458 3306
2459 2362
2460 977
2461 2286
2462 2395
2463 4102
2464 3175
2465 3841
2466 3991
2467 506
2468 3906
2469 426
2470 2916
2471 2492
2472 2596
2473 3630
2474 3641
2475 3906
2476 4191
2477 3641
2478 3122
2479 4126
2480 4109
2481 3243
2482 2080
2483 3223
2484 3135
2485 4019
2486 3660
2487 1267
2488 3049
2489 2021
2490 2687
2491 1528
2492 3577
2493 2670
2494 1028
2495 2617
2496 1771
2497 1292
2498 1309
2499 2176
2500 2176
2501 948
2502 465
2503 2860
2504 682
2505 1192
2506 3951
2507 428
2508 3052
2509 3857
2510 4111
2511 2067
2512 1429
2513 2438
2514 3702
2515 430
2516 2916
2517 2900
2518 2286
2519 2060
2520 1687
2521 3387
2522 3641
2523 1455
2524 3933
2525 2296
2526 2678
2527 2823
2528 4008
2529 495
2530 655
2531 3746
2532 621
2533 1903
2534 669
2535 2236
2536 2180
2537 2751
2538 3087
2539 2916
2540 3
2541 3
2542 671
2543 2995
2544 12
2545 2971
2546 3270
2547 1930
2548 4111
2549 2723
2550 3069
2551 800
2552 1403
2553 41
2554 2675
2555 799
2556 243
2557 323
2558 2032
2559 2346
2560 1031
2561 1510
2562 2159
2563 3617
2564 3007
2565 3906
2566 3892
2567 1299
2568 1299
2569 4028
2570 3891
2571 2247
2572 3920
2573 2463
2574 2901
2575 2057
2576 2906
2577 601
2578 3
2579 452
2580 2148
2581 3624
2582 2024
2583 3841
2584 4107
2585 3617
2586 3074
2587 1923
2588 1863
2589 2711
2590 3617
2591 1369
2592 168
2593 3505
2594 1692
2595 292
2596 2815
2597 3486
2598 707
2599 2662
2600 1261
2601 3991
2602 690
2603 4015
2604 982
2605 1081
2606 4111
2607 2662
2608 3465
2609 3082
2610 2985
2611 3256
2612 2711
2613 1799
2614 3
2615 38
2616 245
2617 3051
2618 2484
2619 1687
2620 2732
2621 3060
2622 2679
2623 3744
2624 38
2625 2463
2626 3189
2627 2679
2628 3146
2629 3347
2630 3465
2631 2101
2632 4006
2633 1383
2634 2251
2635 209
2636 1378
2637 3778
2638 470
2639 2345
2640 3606
2641 979
2642 3465
2643 3868
2644 717
2645 2823
2646 2615
2647 3775
2648 1369
2649 3131
2650 4080
2651 278
2652 2828
2653 71
2654 1348
2655 799
2656 948
2657 1531
2658 3977
2659 4017
2660 2057
2661 3091
2662 3793
2663 413
2664 2596
2665 2841
2666 3951
2667 3804
2668 948
2669 537
2670 682
2671 1740
2672 3768
2673 413
2674 2323
2675 3413
2676 1417
2677 4035
2678 2737
2679 805
2680 3933
2681 2711
2682 1637
2683 1248
2684 3187
2685 1429
2686 2995
2687 2916
2688 204
2689 3244
2690 2096
2691 1677
2692 3221
2693 71
2694 2156
2695 2101
2696 3951
2697 71
2698 73
2699 2161
2700 3643
2701 2679
2702 2916
2703 38
2704 2063
2705 1890
2706 2276
2707 2276
2708 1818
2709 633
2710 2982
2711 1972
2712 3605
2713 3553
2714 2711
2715 1261
2716 974
2717 336
2718 3344
2719 2928
2720 127
2721 1030
2722 2161
2723 2821
2724 71
2725 1886
2726 3208
2727 914
2728 3761
2729 2631
2730 4074
2731 3630
2732 3168
2733 949
2734 2063
2735 1074
2736 2804
2737 2523
2738 3169
2739 3421
2740 2236
2741 1330
2742 509
2743 2276
2744 2284
2745 1384
2746 3775
2747 1192
2748 997
2749 3187
2750 3157
2751 2853
2752 749
2753 1383
2754 3157
2755 1865
2756 3892
2757 2679
2758 1834
2759 508
2760 1528
2761 1385
2762 3434
2763 2762
2764 3054
2765 3517
2766 1989
2767 2147
2768 3639
2769 3007
2770 3793
2771 2200
2772 3639
2773 2567
2774 1980
2775 3761
2776 3744
2777 3127
2778 3665
2779 4074
2780 2823
2781 4024
2782 820
2783 3705
2784 1638
2785 3639
2786 2628
2787 3334
2788 4039
2789 2887
2790 2808
2791 3817
2792 2787
2793 3505
2794 3348
2795 1745
2796 3052
2797 4107
2798 428
2799 4056
2800 2325
2801 3813
2802 937
2803 2616
2804 3413
2805 431
2806 1342
2807 2928
2808 33
2809 4057
2810 2171
2811 3359
2812 3648
2813 3669
2814 2887
2815 2955
2816 2997
2817 1704
2818 2525
2819 1845
2820 2109
2821 4169
2822 3931
2823 970
2824 3744
2825 3938
2826 2693
2827 3728
2828 803
2829 1608
2830 4107
2831 1903
2832 3571
2833 2604
2834 3746
2835 3197
2836 3
2837 577
2838 3512
2839 671
2840 621
2841 3
2842 3839
2843 2108
2844 204
2845 3853
2846 948
2847 428
2848 671
2849 3818
2850 3854
2851 2711
2852 3261
2853 840
2854 3082
2855 1342
2856 3131
2857 1384
2858 520
2859 3348
2860 2238
2861 3286
2862 3010
2863 3892
2864 3168
2865 2287
2866 3997
2867 465
2868 970
2869 3521
2870 3333
2871 3577
2872 2947
2873 2617
2874 1139
2875 2047
2876 1768
2877 2396
2878 3032
2879 3312
2880 900
2881 1061
2882 3841
2883 2437
2884 3363
2885 3491
2886 3522
2887 3344
2888 528
2889 3370
2890 1830
2891 2627
2892 3069
2893 1955
2894 671
2895 4090
2896 3505
2897 4054
2898 4048
2899 71
2900 3706
2901 2329
2902 3663
2903 3861
2904 2109
2905 3642
2906 3234
2907 964
2908 1755
2909 2008
2910 168
2911 1385
2912 2789
2913 3849
2914 1326
2915 3945
2916 2292
2917 551
2918 1559
2919 1031
2920 440
2921 3818
2922 1354
2923 1833
2924 168
2925 3157
2926 162
2927 2596
2928 2276
2929 3769
2930 3602
2931 2693
2932 688
2933 1021
2934 1684
2935 3853
2936 1768
2937 2276
2938 1492
2939 3034
2940 3663
2941 558
2942 1192
2943 1792
2944 3171
2945 3849
2946 3572
2947 4192
2948 3082
2949 478
2950 159
2951 3270
2952 3797
2953 1021
2954 4027
2955 4054
2956 3347
2957 116
2958 342
2959 4151
2960 3215
2961 3051
2962 1763
2963 2368
2964 1061
2965 3504
2966 371
2967 1445
2968 2046
2969 3841
2970 686
2971 3828
2972 3784
2973 1028
2974 369
2975 3951
2976 3102
2977 3087
2978 2679
2979 2128
2980 2857
2981 2080
2982 3187
2983 1479
2984 1139
2985 970
2986 3011
2987 71
2988 1006
2989 2276
2990 3421
2991 2235
2992 464
2993 3052
2994 1330
2995 2225
2996 3026
2997 3346
2998 292
2999 2276
3000 3088
3001 1675
3002 3760
3003 2723
3004 3441
3005 1383
3006 1546
3007 2916
3008 3254
3009 1031
3010 3641
3011 3448
3012 3146
3013 682
3014 3082
3015 345
3016 3357
3017 2932
3018 915
3019 3149
3020 3714
3021 73
3022 2424
3023 538
3024 3067
3025 1264
3026 1092
3027 1383
3028 4019
3029 3995
3030 2236
3031 1495
3032 2276
3033 2916
3034 2874
3035 1403
3036 2993
3037 3286
3038 3920
3039 4151
3040 1747
3041 4107
3042 682
3043 1768
3044 1628
3045 1021
3046 2147
3047 2816
3048 2117
3049 2631
3050 3070
3051 3217
3052 3567
3053 2102
3054 1021
3055 1309
3056 3933
3057 3891
3058 168
3059 2711
3060 2762
3061 1612
3062 1730
3063 2823
3064 678
3065 1020
3066 3951
3067 3687
3068 3977
3069 2109
3070 1384
3071 3597
3072 2424
3073 3763
3074 3162
3075 4102
3076 1379
3077 168
3078 1495
3079 3610
3080 1145
3081 61
3082 71
3083 1582
3084 650
3085 4151
3086 2392
3087 671
3088 358
3089 352
3090 3808
3091 2028
3092 1707
3093 3087
3094 4107
3095 3804
3096 3775
3097 1403
3098 3608
3099 3172
3100 580
3101 3436
3102 4017
3103 3660
3104 4026
3105 2723
3106 71
3107 3276
3108 3052
3109 1717
3110 3083
3111 2379
3112 1264
3113 843
3114 1846
3115 228
3116 1607
3117 358
3118 116
3119 1922
3120 970
3121 1730
3122 3602
3123 3157
3124 155
3125 3
3126 1733
3127 358
3128 200
3129 4107
3130 1855
3131 1408
3132 3135
3133 3067
3134 1546
3135 2916
3136 3254
3137 237
3138 918
3139 98
3140 3850
3141 3954
3142 3567
3143 3272
3144 3452
3145 961
3146 2679
3147 2067
3148 470
3149 747
3150 3917
3151 2446
3152 3346
3153 1143
3154 3808
3155 2028
3156 588
3157 1384
3158 948
3159 2931
3160 905
3161 3674
3162 3350
3163 1830
3164 3970
3165 2251
3166 3275
3167 1454
3168 430
3169 3344
3170 880
3171 3761
3172 3528
3173 2200
3174 933
3175 580
3176 2945
3177 1379
3178 1923
3179 2826
3180 3799
3181 3051
3182 3895
3183 2774
3184 621
3185 478
3186 1287
3187 3157
3188 772
3189 4038
3190 2627
3191 3157
3192 1196
3193 1074
3194 546
3195 3189
3196 658
3197 2993
3198 3793
3199 759
3200 3298
3201 511
3202 3898
3203 2776
3204 3052
3205 388
3206 71
3207 1292
3208 2767
3209 2826
3210 369
3211 915
3212 3609
3213 440
3214 1465
3215 3907
3216 3933
3217 4054
3218 3687
3219 1108
3220 2748
3221 2739
3222 1376
3223 1185
3224 3917
3225 3172
3226 1968
3227 399
3228 3572
3229 1901
3230 519
3231 2066
3232 3476
3233 1143
3234 4183
3235 799
3236 3917
3237 3759
3238 2737
3239 3
3240 2447
3241 2149
3242 2737
3243 3970
3244 2821
3245 4057
3246 2537
3247 4060
3248 3882
3249 1327
3250 2631
3251 1834
3252 2066
3253 3354
3254 2648
3255 2462
3256 2711
3257 3255
3258 3448
3259 2993
3260 1730
3261 143
3262 2841
3263 1192
3264 2631
3265 72
3266 1619
3267 970
3268 2816
3269 2617
3270 2003
3271 2816
3272 3261
3273 1020
3274 1192
3275 3724
3276 3361
3277 2513
3278 3507
3279 1582
3280 2066
3281 1730
3282 2149
3283 204
3284 1968
3285 3234
3286 942
3287 2345
3288 1021
3289 845
3290 183
3291 3863
3292 1375
3293 3804
3294 3149
3295 3054
3296 3268
3297 2721
3298 2063
3299 478
3300 2269
3301 646
3302 2841
3303 1436
3304 2527
3305 4024
3306 2117
3307 2187
3308 3256
3309 3169
3310 2236
3311 4148
3312 2653
3313 1923
3314 3899
3315 3306
3316 336
3317 237
3318 4008
3319 970
3320 2815
3321 4008
3322 2276
3323 591
3324 3275
3325 3818
3326 1635
3327 3273
3328 430
3329 1903
3330 139
3331 3858
3332 3818
3333 3344
3334 2289
3335 1343
3336 805
3337 99
3338 3467
3339 232
3340 3991
3341 2067
3342 3203
3343 1546
3344 3241
3345 573
3346 465
3347 4111
3348 580
3349 3728
3350 1770
3351 3172
3352 1619
3353 3157
3354 4048
3355 342
3356 833
3357 2670
3358 580
3359 655
3360 3286
3361 3767
3362 2808
3363 2066
3364 1007
3365 237
3366 2982
3367 1664
3368 1438
3369 1755
3370 358
3371 1284
3372 3899
3373 3591
3374 2711
3375 3052
3376 2236
3377 3344
3378 3654
3379 2117
3380 2276
3381 2216
3382 3917
3383 2251
3384 880
3385 4090
3386 2993
3387 1764
3388 3839
3389 894
3390 1429
3391 3052
3392 1192
3393 1928
3394 158
3395 394
3396 12
3397 915
3398 558
3399 209
3400 2816
3401 3135
3402 503
3403 3149
3404 3157
3405 4039
3406 537
3407 1666
3408 92
3409 3804
3410 3542
3411 1001
3412 3054
3413 3467
3414 4104
3415 3
3416 1774
3417 519
3418 2678
3419 3909
3420 1933
3421 1509
3422 1624
3423 3547
3424 3298
3425 1730
3426 2936
3427 3572
3428 4192
3429 2993
3430 1730
3431 71
3432 3917
3433 1730
3434 591
3435 707
3436 3907
3437 3
3438 1569
3439 4050
3440 894
3441 2971
3442 671
3443 478
3444 686
3445 1104
3446 584
3447 3421
3448 914
3449 2928
3450 3467
3451 3046
3452 909
3453 3793
3454 2826
3455 3804
3456 2762
3457 1989
3458 3441
3459 3306
3460 470
3461 3639
3462 1628
3463 2751
3464 2737
3465 2711
3466 621
3467 511
3468 2723
3469 2939
3470 2916
3471 38
3472 1726
3473 1818
3474 3849
3475 970
3476 1002
3477 4054
3478 3991
3479 4039
3480 238
3481 3991
3482 833
3483 3778
3484 1628
3485 3465
3486 2606
3487 3828
3488 0
3489 2841
3490 2737
3491 465
3492 4107
3493 2778
3494 2815
3495 955
3496 2323
3497 682
3498 4192
3499 3967
3500 2821
3501 107
3502 1955
3503 883
3504 1619
3505 3477
3506 3242
3507 3977
3508 2723
3509 1461
3510 237
3511 2401
3512 1362
3513 1717
3514 4
3515 970
3516 3222
3517 4008
3518 3314
3519 3154
3520 2679
3521 3131
3522 2929
3523 4008
3524 2823
3525 3047
3526 3172
3527 1385
3528 168
3529 2679
3530 3641
3531 1500
3532 3
3533 3049
3534 4090
3535 202
3536 1705
3537 3272
3538 511
3539 3560
3540 2080
3541 3007
3542 4107
3543 3274
3544 1684
3545 4090
3546 2957
3547 2291
3548 1977
3549 1354
3550 3639
3551 2236
3552 2067
3553 621
3554 1267
3555 2140
3556 4107
3557 917
3558 3314
3559 1383
3560 1148
3561 2737
3562 939
3563 2200
3564 3042
3565 3233
3566 3407
3567 258
3568 2946
3569 591
3570 1208
3571 2886
3572 1017
3573 2725
3574 3261
3575 3486
3576 3656
3577 2841
3578 686
3579 1135
3580 4078
3581 3663
3582 3724
3583 3486
3584 1786
3585 1818
3586 4008
3587 2916
3588 2161
3589 4109
3590 606
3591 3052
3592 3151
3593 1043
3594 3388
3595 641
3596 1921
3597 2178
3598 2355
3599 2815
3600 2692
3601 71
3602 2916
3603 1730
3604 3087
3605 580
3606 2421
3607 3069
3608 2216
3609 3806
3610 682
3611 4192
3612 3724
3613 1012
3614 3891
3615 1021
3616 1913
3617 3475
3618 1465
3619 1139
3620 1058
3621 809
3622 99
3623 3157
3624 1610
3625 948
3626 3512
3627 3194
3628 3818
3629 3977
3630 2251
3631 3
3632 237
3633 1362
3634 1730
3635 3308
3636 3393
3637 3595
3638 3421
3639 3011
3640 3897
3641 2139
3642 3476
3643 3547
3644 3088
3645 3348
3646 3670
3647 3342
3648 3268
3649 2628
3650 4126
3651 2395
3652 2737
3653 1403
3654 2057
3655 2406
3656 687
3657 253
3658 1607
3659 2057
3660 3595
3661 3419
3662 1689
3663 1531
3664 3998
3665 1074
3666 915
3667 2003
3668 128
3669 2675
3670 3970
3671 3892
3672 4065
3673 3032
3674 527
3675 3436
3676 2442
3677 982
3678 580
3679 3671
3680 3
3681 1280
3682 1287
3683 394
3684 3197
3685 3258
3686 188
3687 2711
3688 2128
3689 4024
3690 3764
3691 3995
3692 4107
3693 979
3694 3744
3695 2921
3696 3793
3697 4119
3698 682
3699 2984
3700 3702
3701 3808
3702 3394
3703 3054
3704 3684
3705 616
3706 2520
3707 651
3708 3871
3709 2997
3710 1730
3711 926
3712 3156
3713 2616
3714 948
3715 243
3716 3229
3717 2928
3718 533
3719 2147
3720 671
3721 1509
3722 1354
3723 1722
3724 3080
3725 2207
3726 3120
3727 1786
3728 2317
3729 4122
3730 948
3731 2916
3732 219
3733 2420
3734 3849
3735 2965
3736 2916
3737 3
3738 2840
3739 3523
3740 1031
3741 3933
3742 2733
3743 3146
3744 1684
3745 71
3746 3595
3747 3172
3748 3639
3749 2096
3750 3755
3751 1685
3752 3255
3753 1730
3754 655
3755 3511
3756 1619
3757 428
3758 4102
3759 2601
3760 1768
3761 672
3762 2928
3763 2916
3764 4009
3765 1330
3766 4008
3767 3174
3768 3261
3769 4107
3770 3052
3771 191
3772 2816
3773 3438
3774 26
3775 2521
3776 1309
3777 3421
3778 682
3779 1060
3780 2739
3781 3424
3782 3954
3783 3528
3784 3450
3785 3641
3786 3743
3787 3166
3788 1264
3789 2833
3790 3234
3791 428
3792 1955
3793 358
3794 3572
3795 2955
3796 135
3797 2787
3798 1192
3799 173
3800 2396
3801 3252
3802 935
3803 1429
3804 421
3805 3641
3806 1697
3807 1380
3808 3387
3809 399
3810 3887
3811 297
3812 3991
3813 3516
3814 1020
3815 765
3816 2916
3817 4017
3818 1221
3819 2631
3820 650
3821 2737
3822 4119
3823 2900
3824 3175
3825 3858
3826 3799
3827 2161
3828 682
3829 3361
3830 1765
3831 3991
3832 1838
3833 1614
3834 1364
3835 1576
3836 2723
3837 2613
3838 1607
3839 2046
3840 2711
3841 3261
3842 2841
3843 4060
3844 3655
3845 3791
3846 671
3847 1689
3848 1597
3849 3765
3850 4008
3851 883
3852 2747
3853 1264
3854 71
3855 3605
3856 3857
3857 4060
3858 1849
3859 1972
3860 3450
3861 1221
3862 204
3863 1901
3864 949
3865 3456
3866 2679
3867 584
3868 3344
3869 3808
3870 2916
3871 1981
3872 3918
3873 1348
3874 1587
3875 428
3876 2317
3877 1830
3878 3309
3879 1730
3880 3421
3881 398
3882 2982
3883 2066
3884 3592
3885 2446
3886 2276
3887 2047
3888 3617
3889 2821
3890 3524
3891 3769
3892 3082
3893 3651
3894 3052
3895 2078
3896 3170
3897 2221
3898 2928
3899 1768
3900 987
3901 1923
3902 2101
3903 243
3904 1903
3905 3991
3906 1291
3907 2683
3908 3
3909 3434
3910 1565
3911 399
3912 557
3913 1763
3914 2971
3915 38
3916 987
3917 167
3918 2225
3919 1031
3920 71
3921 1619
3922 2276
3923 139
3924 1636
3925 765
3926 370
3927 2379
3928 3600
3929 1571
3930 1512
3931 1768
3932 2066
3933 3194
3934 831
3935 1350
3936 1112
3937 3312
3938 3172
3939 114
3940 2360
3941 3933
3942 1111
3943 4121
3944 3261
3945 957
3946 1292
3947 204
3948 1289
3949 139
3950 751
3951 1290
3952 4015
3953 478
3954 2916
3955 3223
3956 3706
3957 3663
3958 3390
3959 3387
3960 682
3961 669
3962 2067
3963 2816
3964 292
3965 688
3966 1970
3967 549
3968 3630
3969 970
3970 3244
3971 2244
3972 2161
3973 1774
3974 71
3975 3778
3976 2713
3977 3012
3978 1612
3979 3465
3980 3069
3981 3356
3982 2276
3983 3079
3984 1581
3985 4006
3986 1379
3987 2276
3988 2259
3989 3465
3990 2767
3991 2995
3992 2533
3993 2147
3994 2945
3995 1362
3996 1915
3997 2916
3998 2984
3999 3507
4000 3523
4001 2860
4002 2878
4003 1007
4004 2345
4005 2984
4006 2916
4007 1226
4008 894
4009 3503
4010 2396
4011 3641
4012 2067
4013 3120
4014 3935
4015 1264
4016 3082
4017 3421
4018 330
4019 4048
4020 2841
4021 1764
4022 2554
4023 3054
4024 4006
4025 3052
4026 3347
4027 1261
4028 470
4029 2964
4030 3052
4031 1730
4032 1682
4033 621
4034 3292
4035 3034
4036 3517
4037 139
4038 1196
4039 3662
4040 3850
4041 3049
4042 3799
4043 4060
4044 1619
4045 671
4046 3221
4047 3778
4048 246
4049 3387
4050 1634
4051 4107
4052 3639
4053 4054
4054 2067
4055 3261
4056 48
4057 230
4058 2276
4059 1786
4060 430
4061 71
4062 3070
4063 48
4064 71
4065 4054
4066 2853
4067 1878
4068 71
4069 2981
4070 139
4071 3347
4072 1279
4073 1087
4074 2966
4075 3286
4076 3639
4077 1342
4078 3595
4079 2290
4080 71
4081 551
4082 3261
4083 3861
4084 3641
4085 3641
4086 1913
4087 116
4088 3046
4089 900
4090 3061
4091 3049
4092 2737
4093 3261
4094 3363
4095 831
4096 3223
4097 3970
4098 3530
4099 3261
4100 1383
4101 2108
4102 4054
4103 241
4104 241
4105 2101
4106 3977
4107 246
4108 1722
4109 1495
4110 188
4111 580
4112 1546
4113 3046
4114 2816
4115 2484
4116 3210
4117 3436
4118 1923
4119 2796
4120 1468
4121 900
4122 4161
4123 896
4124 3917
4125 2606
4126 2574
4127 413
4128 2026
4129 3082
4130 948
4131 3839
4132 1346
4133 470
4134 838
4135 806
4136 671
4137 3818
4138 243
4139 682
4140 686
4141 1362
4142 4090
4143 3363
4144 4074
4145 1287
4146 2617
4147 3799
4148 1677
4149 1722
4150 806
4151 72
4152 2693
4153 3515
4154 3734
4155 2533
4156 1001
4157 3452
4158 3682
4159 1717
4160 2662
4161 1274
4162 168
4163 1675
4164 1865
4165 3441
4166 1628
4167 2879
4168 1288
4169 2251
4170 3669
4171 3991
4172 3610
4173 1281
4174 1619
4175 2815
4176 3504
4177 2815
4178 4135
4179 2679
4180 686
4181 3505
4182 158
4183 1914
4184 682
4185 227
4186 3991
4187 1384
4188 96
4189 3970
4190 1519
4191 742
4192 3079
4193 105
4194 2816
4195 1448
4196 3990
4197 1722
4198 4158
4199 3342
4200 2140
4201 2395
4202 2928
4203 2276
4204 1468
4205 3387
4206 2067
4207 671
4208 3051
4209 2853
4210 2604
4211 3308
4212 3134
4213 2102
4214 1384
4215 3977
4216 1314
4217 3034
4218 3169
4219 2887
4220 3006
4221 3270
4222 2596
4223 3852
4224 2693
4225 4151
4226 38
4227 3465
4228 1858
4229 2101
4230 3956
4231 606
4232 1384
4233 1031
4234 804
4235 3861
4236 3841
4237 209
4238 398
4239 3478
4240 3997
4241 1249
4242 3067
4243 3595
4244 2711
4245 686
4246 2614
4247 3898
4248 2733
4249 4090
4250 3134
4251 1530
4252 1781
4253 2057
4254 2513
4255 2711
4256 292
4257 2437
4258 3951
4259 2711
4260 101
4261 2981
4262 4054
4263 2595
4264 3384
4265 521
4266 3046
4267 948
4268 2853
4269 3630
4270 3861
4271 3539
4272 1717
4273 3991
4274 4001
4275 799
4276 1786
4277 3419
4278 2547
4279 3821
4280 1454
4281 1774
4282 3602
4283 1768
4284 2458
4285 747
4286 3683
4287 2617
4288 398
4289 707
4290 2287
4291 671
4292 506
4293 3273
4294 2711
4295 851
4296 2740
4297 900
4298 3382
4299 717
4300 2723
4301 2424
4302 73
4303 3348
4304 3641
4305 2606
4306 3
4307 650
4308 3989
4309 2576
4310 2949
4311 4187
4312 1722
4313 129
4314 3157
4315 3134
4316 2235
4317 1202
4318 3157
4319 3639
4320 749
4321 3135
4322 3064
4323 3424
4324 3853
4325 2066
4326 2028
4327 4150
4328 2332
4329 2823
4330 806
4331 3067
4332 654
4333 2517
4334 549
4335 1930
4336 2269
4337 3222
4338 1733
4339 1788
4340 3528
4341 1531
4342 3452
4343 176
4344 1093
4345 3970
4346 413
4347 682
4348 880
4349 1768
4350 3724
4351 1101
4352 1786
4353 3850
4354 1733
4355 330
4356 1337
4357 970
4358 3419
4359 3268
4360 2928
4361 2057
4362 1885
4363 3653
4364 1143
4365 2101
4366 3481
4367 1089
4368 900
4369 2108
4370 3880
4371 1454
4372 3052
4373 3074
4374 2662
4375 511
4376 3348
4377 4060
4378 3818
4379 1628
4380 1717
4381 2276
4382 3724
4383 3277
4384 1733
4385 4074
4386 529
4387 2628
4388 1774
4389 686
4390 1547
4391 3840
4392 3898
4393 1528
4394 2147
4395 1007
4396 388
4397 2916
4398 243
4399 3995
4400 2916
4401 900
4402 2911
4403 2596
4404 3467
4405 3162
4406 1677
4407 4161
4408 2982
4409 1786
4410 2916
4411 2028
4412 2527
4413 3171
4414 3049
4415 413
4416 2679
4417 3289
4418 3623
4419 3577
4420 3069
4421 2346
4422 2289
4423 139
4424 2058
4425 3639
4426 3445
4427 1108
4428 3617
4429 1375
4430 4056
4431 4119
4432 3049
4433 2176
4434 2225
4435 3639
4436 3052
4437 3421
4438 1400
4439 506
4440 3899
4441 2047
4442 3887
4443 3
4444 1889
4445 1514
4446 3898
4447 3456
4448 3665
4449 2997
4450 2688
4451 2693
4452 2109
4453 1342
4454 2484
4455 1380
4456 2057
4457 3369
4458 209
4459 2916
4460 3443
4461 2816
4462 3658
4463 1750
4464 1914
4465 292
4466 3421
4467 2867
4468 2723
4469 204
4470 3605
4471 61
4472 2520
4473 133
4474 3046
4475 99
4476 3064
4477 139
4478 2916
4479 682
4480 3743
4481 369
4482 428
4483 4024
4484 2101
4485 2101
4486 3778
4487 1722
4488 2916
4489 2063
4490 3935
4491 2243
4492 1799
4493 3898
4494 2227
4495 38
4496 4119
4497 237
4498 880
4499 3320
4500 3243
4501 1074
4502 2711
4503 2858
4504 2815
4505 3928
4506 4107
4507 3831
4508 686
4509 1915
4510 1448
4511 3243
4512 2067
4513 650
4514 4107
4515 2774
4516 1377
4517 629
4518 3194
4519 2395
4520 2251
4521 3194
4522 1346
4523 2173
4524 952
4525 3387
4526 2737
4527 3377
4528 3991
4529 4074
4530 1192
4531 2916
4532 394
4533 527
4534 323
4535 1755
4536 3560
4537 1582
4538 3344
4539 1901
4540 3641
4541 3229
4542 2111
4543 2909
4544 2247
4545 183
4546 4054
4547 3298
4548 3049
4549 1547
4550 1330
4551 3157
4552 465
4553 3272
4554 948
4555 591
4556 1446
4557 1903
4558 3157
4559 1740
4560 4108
4561 1607
4562 3639
4563 2614
4564 2928
4565 3421
4566 2679
4567 3342
4568 3122
4569 3309
4570 4054
4571 3793
4572 2067
4573 3073
4574 4039
4575 3960
4576 2631
4577 4129
4578 979
4579 3443
4580 3654
4581 2227
4582 2247
4583 756
4584 1354
4585 2057
4586 592
4587 1454
4588 3960
4589 1089
4590 2445
4591 2296
4592 4049
4593 2616
4594 3348
4595 707
4596 3478
4597 1346
4598 3272
4599 2868
4600 3051
4601 2251
4602 555
4603 1192
4604 1495
4605 371
4606 836
4607 2730
4608 1573
4609 2033
4610 3261
4611 2628
4612 1684
4613 3071
4614 1202
4615 3849
4616 2868
4617 1025
4618 2993
4619 2786
4620 139
4621 3658
4622 2874
4623 72
4624 200
4625 1544
4626 1707
4627 1293
4628 71
4629 3275
4630 3051
4631 18
4632 3739
4633 682
4634 3242
4635 4106
4636 470
4637 2396
4638 553
4639 3277
4640 2711
4641 3951
4642 4080
4643 116
4644 3739
4645 655
4646 2693
4647 2711
4648 2679
4649 1717
4650 880
4651 2396
4652 1261
4653 3639
4654 3920
4655 551
4656 2066
4657 3834
4658 3762
4659 3954
4660 3827
4661 1786
4662 2679
4663 1304
4664 3379
4665 756
4666 1417
4667 3135
4668 4019
4669 3052
4670 168
4671 258
4672 195
4673 195
4674 1061
4675 4054
4676 2982
4677 2682
4678 3490
4679 1112
4680 1528
4681 2840
4682 1368
4683 1786
4684 3397
4685 3308
4686 508
4687 3
4688 3172
4689 1528
4690 1480
4691 2504
4692 3135
4693 544
4694 3641
4695 2945
4696 190
4697 2823
4698 2251
4699 1375
4700 2464
4701 2149
4702 3841
4703 3935
4704 3597
4705 4074
4706 3187
4707 2957
4708 682
4709 1436
4710 1291
4711 2774
4712 2860
4713 2823
4714 3444
4715 1552
4716 1074
4717 2957
4718 3841
4719 3478
4720 3387
4721 3187
4722 292
4723 3473
4724 2915
4725 3187
4726 1429
4727 2316
4728 633
4729 1914
4730 3020
4731 3898
4732 3054
4733 395
4734 1768
4735 3135
4736 2615
4737 1031
4738 1461
4739 1706
4740 1763
4741 1031
4742 1362
4743 1057
4744 2711
4745 3746
4746 3274
4747 1781
4748 1537
4749 2737
4750 2208
4751 3921
4752 2737
4753 594
4754 4190
4755 2833
4756 3641
4757 1385
4758 1287
4759 2225
4760 1429
4761 1128
4762 1531
4763 3083
4764 1093
4765 1429
4766 491
4767 369
4768 2722
4769 4054
4770 2672
4771 747
4772 2694
4773 1468
4774 2520
4775 3791
4776 1921
4777 1664
4778 1279
4779 982
4780 2207
4781 2816
4782 4043
4783 1284
4784 3964
4785 1903
4786 3052
4787 246
4788 1768
4789 804
4790 3104
4791 137
4792 1922
4793 3897
4794 1192
4795 2816
4796 1573
4797 3841
4798 3920
4799 3361
4800 1786
4801 142
4802 947
4803 1718
4804 2582
4805 3071
4806 277
4807 1537
4808 3
4809 3700
4810 1454
4811 3208
4812 2316
4813 1717
4814 3429
4815 915
4816 594
4817 1008
4818 1768
4819 3436
4820 2379
4821 1901
4822 2484
4823 3363
4824 619
4825 2208
4826 2737
4827 1903
4828 647
4829 1706
4830 4039
4831 188
4832 3933
4833 1417
4834 42
4835 2067
4836 1531
4837 139
4838 2420
4839 948
4840 1008
4841 1509
4842 3273
4843 4058
4844 3273
4845 1096
4846 707
4847 2088
4848 957
4849 2149
4850 2679
4851 3148
4852 288
4853 2161
4854 3151
4855 2520
4856 1362
4857 201
4858 3157
4859 330
4860 2929
4861 204
4862 1628
4863 2846
4864 2711
4865 2842
4866 580
4867 1763
4868 1461
4869 12
4870 3300
4871 1841
4872 3051
4873 1916
4874 1074
4875 3298
4876 3512
4877 3157
4878 3926
4879 2631
4880 4041
4881 2679
4882 3271
4883 4053
4884 1020
4885 3273
4886 915
4887 1057
4888 647
4889 2816
4890 116
4891 3313
4892 3709
4893 2379
4894 3655
4895 4100
4896 3861
4897 2424
4898 3653
4899 219
4900 1192
4901 2796
4902 2345
4903 1308
4904 4107
4905 793
4906 4030
4907 606
4908 2276
4909 3348
4910 3272
4911 1552
4912 3702
4913 1786
4914 3441
4915 2251
4916 2080
4917 1705
4918 671
4919 2293
4920 803
4921 647
4922 3432
4923 900
4924 3296
4925 3651
4926 465
4927 230
4928 1544
4929 1707
4930 2057
4931 1403
4932 1008
4933 4151
4934 3387
4935 2066
4936 1231
4937 2915
4938 74
4939 2399
4940 3889
4941 707
4942 1705
4943 4056
4944 3818
4945 2711
4946 3663
4947 2900
4948 880
4949 880
4950 3273
4951 1622
4952 1290
4953 1093
4954 2641
4955 183
4956 3272
4957 683
4958 168
4959 116
4960 72
4961 3655
4962 3204
4963 1687
4964 758
4965 2680
4966 1682
4967 2762
4968 1384
4969 1753
4970 935
4971 3641
4972 2932
4973 167
4974 2778
4975 3956
4976 1722
4977 1899
4978 2128
4979 1916
4980 948
4981 3274
4982 2823
4983 3841
4984 231
4985 3728
4986 2335
4987 168
4988 3187
4989 2699
4990 3573
4991 163
4992 544
4993 137
4994 256
4995 137
4996 3465
4997 1661
4998 4054
4999 3148
5000 116
5001 2737
5002 3970
5003 1531
5004 1863
5005 1763
5006 1945
5007 72
5008 671
5009 1429
5010 3882
5011 3769
5012 72
5013 1308
5014 72
5015 3602
5016 3029
5017 395
5018 3453
5019 3135
5020 428
5021 2841
5022 2737
5023 799
5024 2737
5025 1479
5026 3261
5027 1530
5028 3172
5029 1705
5030 1031
5031 3051
5032 1531
5033 209
5034 2286
5035 957
5036 1031
5037 491
5038 3617
5039 1298
5040 2244
5041 223
5042 1384
5043 521
5044 1502
5045 2521
5046 3778
5047 1362
5048 971
5049 1043
5050 2029
5051 1495
5052 2029
5053 2916
5054 2711
5055 1326
5056 1717
5057 398
5058 2200
5059 188
5060 445
5061 530
5062 3132
5063 3308
5064 3744
5065 1043
5066 2017
5067 1043
5068 2253
5069 3945
5070 747
5071 3639
5072 3080
5073 4078
5074 3132
5075 3298
5076 3179
5077 3898
5078 3208
5079 672
5080 2078
5081 3896
5082 41
5083 3146
5084 3898
5085 503
5086 1916
5087 2214
5088 3179
5089 214
5090 2741
5091 682
5092 1717
5093 3179
5094 2612
5095 1354
5096 4078
5097 1137
5098 176
5099 1293
5100 2774
5101 3222
5102 2067
5103 2484
5104 3132
5105 398
5106 116
5107 3436
5108 1328
5109 944
5110 1001
5111 3511
5112 71
5113 3440
5114 3210
5115 3744
5116 3
5117 1763
5118 621
5119 3388
5120 2484
5121 3210
5122 3217
5123 669
5124 2188
5125 1043
5126 3404
5127 3724
5128 803
5129 1628
5130 173
5131 3597
5132 3069
5133 1717
5134 573
5135 3765
5136 3061
5137 3467
5138 209
5139 3298
5140 3171
5141 700
5142 4090
5143 1634
5144 1342
5145 3006
5146 3960
5147 1436
5148 2207
5149 915
5150 4100
5151 2292
5152 2161
5153 3347
5154 1786
5155 1330
5156 1786
5157 1690
5158 1660
5159 2682
5160 1786
5161 3348
5162 1046
5163 2303
5164 3653
5165 2786
5166 1945
5167 71
5168 430
5169 2940
5170 2369
5171 2028
5172 3944
5173 3296
5174 1171
5175 2024
5176 221
5177 3784
5178 3528
5179 4107
5180 192
5181 3946
5182 1758
5183 1830
5184 1730
5185 3642
5186 3052
5187 1580
5188 4041
5189 948
5190 445
5191 2421
5192 1386
5193 2200
5194 4151
5195 2900
5196 3268
5197 641
5198 3574
5199 3945
5200 1093
5201 1422
5202 1017
5203 2948
5204 3660
5205 3052
5206 2894
5207 881
5208 183
5209 1897
5210 428
5211 3660
5212 2981
5213 1412
5214 3746
5215 3006
5216 2078
5217 202
5218 2945
5219 3933
5220 35
5221 2527
5222 1061
5223 2047
5224 553
5225 3933
5226 3917
5227 388
5228 1786
5229 237
5230 1547
5231 544
5232 139
5233 2362
5234 2225
5235 3960
5236 3933
5237 3977
5238 555
5239 3132
5240 1661
5241 3602
5242 176
5243 277
5244 2823
5245 3670
5246 3894
5247 3046
5248 1600
5249 491
5250 4008
5251 742
5252 3933
5253 2693
5254 2617
5255 1865
5256 2993
5257 4054
5258 2368
5259 905
5260 2067
5261 3769
5262 1677
5263 116
5264 1562
5265 2147
5266 2679
5267 2424
5268 3172
5269 4107
5270 269
5271 2687
5272 3387
5273 1786
5274 1424
5275 3168
5276 573
5277 191
5278 72
5279 2296
5280 2276
5281 2147
5282 3361
5283 1763
5284 4054
5285 4104
5286 3298
5287 1706
5288 577
5289 803
5290 1948
5291 3813
5292 421
5293 292
5294 3722
5295 4151
5296 3591
5297 4082
5298 2088
5299 1377
5300 3465
5301 71
5302 1309
5303 1634
5304 1863
5305 1578
5306 3595
5307 3511
5308 933
5309 2762
5310 3642
5311 421
5312 1977
5313 4082
5314 185
5315 1261
5316 1465
5317 3878
5318 1849
5319 2627
5320 3806
5321 310
5322 2088
5323 2823
5324 2928
5325 629
5326 2437
5327 4026
5328 2679
5329 3094
5330 1089
5331 2600
5332 1763
5333 133
5334 1587
5335 1763
5336 2369
5337 1763
5338 3300
5339 209
5340 243
5341 749
5342 671
5343 1740
5344 2631
5345 4151
5346 3504
5347 1763
5348 915
5349 3210
5350 691
5351 2679
5352 3828
5353 2176
5354 908
5355 3174
5356 881
5357 3243
5358 2447
5359 2928
5360 2424
5361 32
5362 4008
5363 3298
5364 1846
5365 1092
5366 4067
5367 1092
5368 1666
5369 3132
5370 1061
5371 3359
5372 3862
5373 1763
5374 3854
5375 1873
5376 1666
5377 4060
5378 1061
5379 707
5380 3210
5381 2631
5382 2815
5383 1763
5384 3210
5385 1061
5386 1293
5387 3143
5388 3143
5389 2147
5390 3033
5391 4107
5392 183
5393 738
5394 915
5395 3504
5396 3344
5397 292
5398 650
5399 491
5400 3897
5401 606
5402 3705
5403 3818
5404 2090
5405 1919
5406 4056
5407 4072
5408 137
5409 3841
5410 440
5411 970
5412 39
5413 3431
5414 2754
5415 421
5416 3051
5417 465
5418 2888
5419 2149
5420 533
5421 3507
5422 3379
5423 650
5424 2067
5425 248
5426 2171
5427 4009
5428 3861
5429 4158
5430 3784
5431 843
5432 3928
5433 202
5434 71
5435 3760
5436 3931
5437 2796
5438 3821
5439 577
5440 236
5441 3071
5442 1930
5443 4102
5444 3171
5445 167
5446 73
5447 2292
5448 4102
5449 3512
5450 2104
5451 395
5452 1704
5453 1266
5454 121
5455 2867
5456 1266
5457 2368
5458 1424
5459 528
5460 3273
5461 3033
5462 1687
5463 4090
5464 3223
5465 3641
5466 1192
5467 3933
5468 3933
5469 3965
5470 2936
5471 4026
5472 1536
5473 3682
5474 3602
5475 245
5476 2977
5477 2149
5478 865
5479 243
5480 2355
5481 3970
5482 4126
5483 1953
5484 4
5485 573
5486 2330
5487 3457
5488 1385
5489 3276
5490 3732
5491 3344
5492 3666
5493 3148
5494 209
5495 4060
5496 948
5497 183
5498 3387
5499 209
5500 3122
5501 2928
5502 806
5503 1786
5504 2276
5505 3407
5506 3702
5507 3724
5508 3273
5509 243
5510 3172
5511 237
5512 948
5513 3931
5514 3840
5515 3179
5516 2147
5517 4048
5518 1362
5519 803
5520 3421
5521 3210
5522 1849
5523 2128
5524 1366
5525 3767
5526 2401
5527 4048
5528 799
5529 1849
5530 3778
5531 3052
5532 3709
5533 71
5534 143
5535 2945
5536 3239
5537 4158
5538 3989
5539 420
5540 1309
5541 4148
5542 3389
5543 3166
5544 2149
5545 1763
5546 2254
5547 3143
5548 2631
5549 4129
5550 1366
5551 465
5552 3120
5553 3157
5554 844
5555 956
5556 3465
5557 4107
5558 3821
5559 3168
5560 1878
5561 3100
5562 2147
5563 3682
5564 1677
5565 168
5566 3929
5567 3724
5568 1763
5569 3793
5570 942
5571 1383
5572 2804
5573 2401
5574 2901
5575 4185
5576 1666
5577 1173
5578 3210
5579 3705
5580 708
5581 2276
5582 942
5583 1903
5584 2816
5585 2955
5586 2194
5587 398
5588 2032
5589 2749
5590 4090
5591 3051
5592 1394
5593 398
5594 512
5595 3530
5596 2421
5597 3322
5598 336
5599 2648
5600 2928
5601 62
5602 1348
5603 62
5604 805
5605 237
5606 2359
5607 4001
5608 1310
5609 2688
5610 3841
5611 98
5612 2106
5613 131
5614 1150
5615 137
5616 1786
5617 465
5618 647
5619 2916
5620 533
5621 805
5622 3007
5623 3
5624 805
5625 1289
5626 170
5627 2171
5628 3458
5629 465
5630 3043
5631 3239
5632 3515
5633 2693
5634 3529
5635 3433
5636 3928
5637 3152
5638 3928
5639 3252
5640 671
5641 3784
5642 4158
5643 413
5644 187
5645 2929
5646 3995
5647 803
5648 3799
5649 2900
5650 996
5651 2200
5652 3327
5653 3724
5654 3268
5655 3167
5656 3221
5657 1451
5658 2993
5659 2329
5660 3169
5661 2236
5662 1436
5663 3
5664 61
5665 3739
5666 4054
5667 2057
5668 1390
5669 2066
5670 61
5671 2096
5672 116
5673 61
5674 2128
5675 1786
5676 1536
5677 805
5678 4187
5679 2067
5680 1730
5681 3839
5682 245
5683 3724
5684 3082
5685 1531
5686 3574
5687 3970
5688 1272
5689 3011
5690 3853
5691 573
5692 3210
5693 4001
5694 1017
5695 2578
5696 2970
5697 71
5698 2314
5699 1858
5700 3878
5701 591
5702 3577
5703 98
5704 2345
5705 4054
5706 155
5707 2957
5708 2147
5709 3917
5710 3172
5711 1261
5712 996
5713 1661
5714 1092
5715 3433
5716 440
5717 3168
5718 2679
5719 98
5720 4161
5721 2379
5722 1903
5723 2067
5724 4060
5725 3511
5726 3592
5727 1763
5728 533
5729 2235
5730 3278
5731 1914
5732 3208
5733 1705
5734 803
5735 957
5736 1786
5737 71
5738 204
5739 3617
5740 3080
5741 1180
5742 3970
5743 1249
5744 405
5745 2917
5746 504
5747 805
5748 3278
5749 2675
5750 173
5751 3826
5752 803
5753 3465
5754 188
5755 3639
5756 1377
5757 533
5758 4133
5759 358
5760 1111
5761 682
5762 2648
5763 1286
5764 2506
5765 573
5766 430
5767 2421
5768 1465
5769 3890
5770 970
5771 3359
5772 3278
5773 4107
5774 173
5775 243
5776 3080
5777 3826
5778 3702
5779 2641
5780 638
5781 1480
5782 2523
5783 2421
5784 2879
5785 1465
5786 2302
5787 2774
5788 946
5789 2316
5790 1482
5791 1690
5792 2323
5793 2955
5794 430
5795 688
5796 3046
5797 3421
5798 183
5799 805
5800 2679
5801 2685
5802 1781
5803 3052
5804 3038
5805 2111
5806 2484
5807 573
5808 621
5809 1102
5810 4043
5811 2424
5812 3088
5813 3234
5814 1863
5815 932
5816 2810
5817 2171
5818 1739
5819 3166
5820 4051
5821 1454
5822 3088
5823 2592
5824 12
5825 3445
5826 176
5827 228
5828 3991
5829 201
5830 4158
5831 3609
5832 2965
5833 3327
5834 1786
5835 3047
5836 2816
5837 278
5838 3826
5839 3727
5840 173
5841 3826
5842 1700
5843 1497
5844 3360
5845 4076
5846 2317
5847 2765
5848 2024
5849 3959
5850 2879
5851 3772
5852 196
5853 183
5854 2826
5855 1916
5856 1916
5857 955
5858 955
5859 3897
5860 803
5861 243
5862 137
5863 2956
5864 3724
5865 256
5866 2840
5867 4107
5868 2711
5869 1530
5870 4107
5871 1977
5872 1977
5873 230
5874 2140
5875 3172
5876 1185
5877 369
5878 4
5879 430
5880 2067
5881 2147
5882 3210
5883 2950
5884 1723
5885 3576
5886 1531
5887 2948
5888 3517
5889 2874
5890 1901
5891 1763
5892 430
5893 2679
5894 3505
5895 3087
5896 3655
5897 398
5898 1031
5899 3166
5900 3477
5901 3882
5902 2878
5903 3639
5904 155
5905 1404
5906 1763
5907 955
5908 1043
5909 2846
5910 1362
5911 196
5912 3049
5913 3421
5914 1739
5915 3255
5916 1408
5917 155
5918 3515
5919 3054
5920 573
5921 3054
5922 256
5923 1710
5924 1043
5925 3168
5926 359
5927 2879
5928 1061
5929 30
5930 1043
5931 2066
5932 577
5933 3793
5934 41
5935 3273
5936 932
5937 1348
5938 3087
5939 762
5940 592
5941 2730
5942 1293
5943 2147
5944 3505
5945 1849
5946 1293
5947 2171
5948 1717
5949 2631
5950 1293
5951 3928
5952 4154
5953 2721
5954 196
5955 952
5956 503
5957 2762
5958 3639
5959 3189
5960 621
5961 503
5962 2463
5963 1717
5964 2109
5965 2200
5966 2762
5967 2778
5968 536
5969 4056
5970 806
5971 2028
5972 3777
5973 3970
5974 937
5975 5
5976 3296
5977 2711
5978 3671
5979 2524
5980 2028
5981 3602
5982 3346
5983 3660
5984 204
5985 1364
5986 3157
5987 806
5988 4107
5989 330
5990 1028
5991 979
5992 3151
5993 3308
5994 1384
5995 1364
5996 3157
5997 3760
5998 2067
5999 1903
6000 1424
6001 688
6002 1514
6003 2928
6004 2737
6005 4106
6006 1031
6007 1634
6008 2350
6009 2431
6010 2762
6011 1364
6012 3829
6013 3157
6014 806
6015 71
6016 2187
6017 1346
6018 742
6019 2207
6020 1021
6021 139
6022 183
6023 1619
6024 3567
6025 3951
6026 3052
6027 3907
6028 1436
6029 3054
6030 3010
6031 3968
6032 1293
6033 3706
6034 3683
6035 3630
6036 1293
6037 2678
6038 116
6039 3135
6040 3401
6041 2200
6042 1195
6043 2128
6044 1002
6045 2762
6046 1768
6047 1607
6048 881
6049 3452
6050 137
6051 2984
6052 3126
6053 2711
6054 2235
6055 2628
6056 1849
6057 537
6058 3394
6059 2350
6060 3465
6061 1239
6062 3517
6063 2513
6064 2982
6065 25
6066 4140
6067 33
6068 1724
6069 3660
6070 4026
6071 204
6072 621
6073 3683
6074 2774
6075 682
6076 2492
6077 2321
6078 3968
6079 580
6080 1362
6081 2823
6082 3528
6083 2137
6084 3200
6085 606
6086 1531
6087 3528
6088 806
6089 3405
6090 1417
6091 3342
6092 470
6093 2993
6094 529
6095 3970
6096 2767
6097 3405
6098 3151
6099 621
6100 3046
6101 3465
6102 799
6103 2200
6104 2737
6105 3015
6106 330
6107 1362
6108 1061
6109 3595
6110 2067
6111 4111
6112 1740
6113 1362
6114 1715
6115 10
6116 2830
6117 2631
6118 2792
6119 3243
6120 2251
6121 2830
6122 3441
6123 1330
6124 2523
6125 1006
6126 2966
6127 2140
6128 1089
6129 127
6130 1786
6131 99
6132 1774
6133 4044
6134 806
6135 1031
6136 2641
6137 1362
6138 1362
6139 1362
6140 1362
6141 3467
6142 1944
6143 2804
6144 2830
6145 3576
6146 3046
6147 1722
6148 246
6149 3600
6150 2028
6151 2774
6152 3568
6153 1705
6154 2523
6155 3261
6156 3970
6157 3348
6158 3172
6159 72
6160 3238
6161 1923
6162 1569
6163 4058
6164 2765
6165 3699
6166 1362
6167 3387
6168 3970
6169 3344
6170 1362
6171 478
6172 918
6173 3172
6174 3172
6175 4050
6176 988
6177 3308
6178 982
6179 3769
6180 633
6181 196
6182 3970
6183 1366
6184 688
6185 1362
6186 2916
6187 3333
6188 846
6189 4048
6190 263
6191 918
6192 2613
6193 2767
6194 3759
6195 3467
6196 964
6197 952
6198 183
6199 2492
6200 3991
6201 3172
6202 1903
6203 3172
6204 2613
6205 72
6206 1923
6207 2067
6208 1258
6209 1923
6210 3970
6211 433
6212 433
6213 2613
6214 1362
6215 204
6216 1454
6217 2916
6218 3242
6219 846
6220 2767
6221 3308
6222 3828
6223 3760
6224 2395
6225 2058
6226 209
6227 1692
6228 2853
6229 2982
6230 3575
6231 707
6232 2604
6233 3896
6234 1346
6235 2236
6236 3931
6237 3051
6238 2951
6239 1771
6240 3970
6241 3102
6242 4111
6243 2225
6244 4060
6245 2841
6246 3799
6247 187
6248 3877
6249 3757
6250 2984
6251 3804
6252 3539
6253 183
6254 3388
6255 2765
6256 633
6257 2143
6258 1362
6259 1913
6260 1008
6261 322
6262 2737
6263 2368
6264 3602
6265 3242
6266 345
6267 359
6268 2108
6269 3761
6270 3844
6271 2916
6272 2916
6273 1771
6274 1715
6275 756
6276 3995
6277 3242
6278 3043
6279 865
6280 2058
6281 819
6282 3042
6283 3602
6284 1295
6285 4135
6286 1290
6287 3524
6288 1630
6289 2180
6290 1830
6291 3682
6292 1768
6293 3069
6294 2711
6295 1677
6296 650
6297 2357
6298 831
6299 2948
6300 998
6301 4119
6302 2840
6303 2794
6304 4134
6305 2067
6306 3478
6307 1923
6308 1309
6309 2741
6310 3528
6311 945
6312 2711
6313 633
6314 2711
6315 3382
6316 3382
6317 2251
6318 1559
6319 39
6320 3663
6321 2055
6322 3970
6323 2128
6324 3841
6325 2916
6326 2916
6327 1715
6328 3995
6329 1705
6330 3171
6331 3828
6332 3032
6333 3387
6334 3670
6335 2287
6336 3818
6337 3387
6338 1524
6339 394
6340 1607
6341 1061
6342 2711
6343 3306
6344 1865
6345 3042
6346 707
6347 3243
6348 2293
6349 1830
6350 430
6351 1301
6352 3338
6353 1383
6354 3274
6355 1400
6356 2287
6357 4008
6358 4106
6359 1927
6360 3577
6361 3427
6362 3421
6363 2733
6364 806
6365 2737
6366 1362
6367 2995
6368 3042
6369 1557
6370 1375
6371 2826
6372 1306
6373 491
6374 650
6375 1556
6376 2616
6377 3407
6378 3203
6379 3970
6380 4044
6381 3346
6382 1400
6383 2180
6384 1384
6385 1024
6386 1630
6387 200
6388 3389
6389 2056
6390 3951
6391 1112
6392 2140
6393 3991
6394 3148
6395 3153
6396 3839
6397 4001
6398 1923
6399 3639
6400 2711
6401 3344
6402 2455
6403 2067
6404 2723
6405 3663
6406 3995
6407 2957
6408 3
6409 3576
6410 3432
6411 2616
6412 4074
6413 3663
6414 2421
6415 3793
6416 359
6417 3910
6418 1446
6419 1763
6420 167
6421 2101
6422 1267
6423 3243
6424 2737
6425 3146
6426 1375
6427 2325
6428 3660
6429 4065
6430 3935
6431 938
6432 471
6433 1267
6434 2225
6435 3440
6436 203
6437 12
6438 228
6439 3567
6440 2024
6441 1607
6442 3040
6443 1607
6444 2767
6445 2995
6446 159
6447 606
6448 3280
6449 3399
6450 1417
6451 3600
6452 3821
6453 646
6454 4107
6455 3026
6456 3064
6457 1530
6458 491
6459 3244
6460 4187
6461 2067
6462 2067
6463 1131
6464 3793
6465 1170
6466 2857
6467 580
6468 3639
6469 938
6470 3935
6471 1528
6472 938
6473 3576
6474 3839
6475 1028
6476 938
6477 3252
6478 3839
6479 127
6480 1231
6481 2110
6482 633
6483 2080
6484 747
6485 659
6486 3970
6487 3744
6488 2421
6489 3049
6490 3
6491 3166
6492 3839
6493 2725
6494 176
6495 2816
6496 3274
6497 3314
6498 2287
6499 3274
6500 900
6501 2813
6502 3724
6503 428
6504 1137
6505 1371
6506 2737
6507 3038
6508 3595
6509 94
6510 394
6511 1089
6512 2815
6513 4056
6514 3910
6515 3528
6516 2078
6517 646
6518 2787
6519 3436
6520 3049
6521 982
6522 1540
6523 1061
6524 2028
6525 94
6526 1267
6527 952
6528 3556
6529 2359
6530 1267
6531 2627
6532 2325
6533 2147
6534 1267
6535 3233
6536 2236
6537 1607
6538 2683
6539 986
6540 3995
6541 3528
6542 2721
6543 4111
6544 1099
6545 3313
6546 654
6547 116
6548 4171
6549 4171
6550 2631
6551 639
6552 2200
6553 2965
6554 4043
6555 996
6556 3626
6557 4171
6558 1496
6559 3630
6560 3049
6561 1058
6562 2446
6563 3574
6564 237
6565 3421
6566 3663
6567 2816
6568 3663
6569 3663
6570 2711
6571 2932
6572 3243
6573 1964
6574 3674
6575 2111
6576 2596
6577 2067
6578 41
6579 4111
6580 3274
6581 1061
6582 2200
6583 1089
6584 4106
6585 116
6586 3200
6587 3388
6588 799
6589 1804
6590 204
6591 1881
6592 1961
6593 3456
6594 2711
6595 2679
6596 1757
6597 2438
6598 2111
6599 3799
6600 1380
6601 764
6602 1774
6603 143
6604 2681
6605 3003
6606 71
6607 1267
6608 2971
6609 3342
6610 682
6611 2916
6612 349
6613 3642
