2285 816
2732 454
1448 714
2259 816
2586 529
1328 669
2238 780
3138 144
1651 774
1512 1479
2580 507
1462 1640
1236 543
2289 877
1863 974
1526 1612
2556 198
1712 1557
1341 1607
2545 280
1558 717
1862 879
1785 1126
3200 63
1902 1352
2832 789
3170 150
1711 1614
1460 1479
2555 821
2590 698
2271 930
2281 780
1914 1038
1540 1444
2855 454
2279 780
1823 1290
2186 46
2593 821
2735 432
1932 1015
2917 277
1400 1422
1808 1091
2763 427
1702 840
1737 1225
2916 277
1911 57
1689 1651
1612 594
2752 186
894 955
2843 427
2412 877
1707 971
1465 1933
702 1627
2998 379
1947 1015
2445 1016
1309 1544
2292 947
1432 1422
3209 194
1679 1295
2278 787
2710 276
1893 1290
2585 463
2595 152
893 1030
2597 280
2754 276
1690 1778
1996 1134
3204 381
2364 930
2282 780
2030 46
1342 1544
2553 463
2678 147
1713 1736
2848 419
2440 877
987 1199
1748 1171
1999 57
1983 1031
1464 1735
1688 1651
3339 290
2510 949
1761 971
3304 26
2070 1097
2690 823
1980 1026
2938 972
1816 1092
3058 371
1973 1173
1691 1778
2386 947
1511 1423
2029 46
3087 854
1343 1640
1420 1422
2258 780
1696 594
1564 1377
1559 839
2392 877
1611 1343
2149 1006
1516 1444
2729 1090
1567 1613
1704 840
2141 787
2862 277
1869 1738
3148 33
979 1030
2517 191
3089 984
1245 1607
3182 145
3071 192
3069 249
1606 1680
2059 1006
1997 879
3088 217
2726 1090
3305 26
1850 597
1779 167
1647 1573
2558 1058
1817 1172
1743 1453
2949 854
759 37
1010 0
2758 823
3208 376
1686 1573
2072 46
2679 213
2575 1090
2584 463
2666 1083
2244 787
2929 380
2677 698
1905 1126
3070 278
2833 825
2333 977
2694 1090
3049 177
897 897
1570 1613
2751 242
1344 1895
2581 507
1240 1374
2073 46
2425 930
3311 88
2077 1015
1913 1015
1333 660
2602 280
2759 378
3131 235
1129 0
1348 509
2427 930
1706 141
1638 1566
3036 235
2919 154
686 1753
3040 171
1554 548
1438 1564
3162 229
3362 62
1604 484
1461 1640
1894 1235
2579 651
2629 1149
1699 167
1463 1666
2156 1097
1959 1172
1952 1038
2438 877
2460 42
1870 1770
1433 1442
1213 731
2609 1061
2288 946
2442 877
2538 147
1501 1820
2922 824
1568 1835
1860 879
2435 690
995 1199
2004 1144
2918 243
3171 140
1515 1341
1251 731
3261 271
2462 210
2951 982
3258 229
2630 1149
1241 1475
1920 1173
2865 583
2170 1021
1560 839
3314 110
1681 1295
1750 1354
1537 1341
1451 838
1239 543
701 1753
1329 669
2003 975
1927 1189
3074 138
1144 1371
1409 1340
2901 323
3410 290
3064 44
2544 821
2604 280
1542 1566
2737 507
541 1627
3202 283
1705 141
1250 731
2606 198
1571 1613
2921 67
1857 774
3195 33
1628 1225
2601 198
2708 432
2193 975
1549 440
3073 380
3307 26
2667 409
2082 1144
2592 949
2183 1145
1677 1225
2881 454
3146 145
2045 1031
1320 1607
3191 26
1786 485
1444 586
1921 1106
2031 46
2050 890
1242 1374
2227 815
3075 138
1949 1038
1500 1648
2108 57
1652 141
1435 1443
2192 1144
3174 140
3181 145
3199 63
3141 116
2738 507
1217 547
2930 967
1421 1565
1544 1699
1235 660
3308 88
1964 1096
758 37
2308 75
1130 1
1212 543
1431 1339
1248 591
1538 1341
2457 124
1829 1447
1321 509
1020 1199
685 1753
1631 717
2982 336
2325 1146
2776 216
1718 337
2428 1089
2574 1090
1238 1374
2342 97
3013 231
2267 928
1955 1171
1703 1778
2904 324
1933 1066
2052 411
2755 112
3193 26
896 1192
2827 432
2946 972
1548 484
1956 1171
2757 277
1614 1735
2748 789
1654 337
1852 1472
1506 856
3340 289
1244 1544
2760 117
2319 43
1777 1026
3018 47
2131 1015
3306 62
1569 1735
3300 271
1714 1736
2614 1137
3402 26
1694 445
2689 789
1437 1533
1700 774
1854 1134
2936 217
1556 252
2378 787
3399 284
2900 365
1768 1177
1948 1005
1023 1244
2886 1090
2194 46
2927 277
2057 1015
2885 454
974 1030
2310 55
2941 216
2702 967
1247 509
2778 378
2465 1136
1772 350
1566 1482
2715 434
2890 454
2570 1090
3066 44
3084 217
1025 1323
3309 377
2554 464
1455 233
3167 170
1903 1111
2744 698
2617 296
1243 547
1715 234
2591 819
1810 1091
2528 288
2243 350
2051 411
2736 1090
1447 711
1445 548
1841 1592
3266 88
2978 972
1962 1097
2940 216
2991 508
3241 62
3302 274
2887 1090
984 1192
1922 57
1017 1199
632 38
2781 378
2903 324
3407 284
2233 46
1219 985
2696 363
1255 985
1584 856
2443 947
3185 271
670 919
2834 972
402 1493
3242 376
742 37
1839 1031
2477 1009
3349 26
1820 1172
2790 1149
1154 852
2190 918
1254 852
3298 241
1334 543
2931 972
1819 1172
2239 946
2516 280
3077 380
1974 1066
1915 1040
1904 1026
2860 409
332 1490
3405 284
2997 248
1632 167
2423 1090
1115 731
1919 1172
2387 978
1585 856
2525 463
1765 1031
1006 1323
2669 242
294 37
2777 213
3086 984
1868 1614
1553 484
691 513
2248 46
2856 243
2130 930
1319 852
2598 242
2945 216
2824 972
1152 731
3245 170
1770 1012
1141 544
1330 545
2857 243
1813 1171
401 1493
1745 1592
2858 107
2339 46
2944 427
2273 1089
2612 75
1439 1648
1518 1566
529 919
3114 140
2767 967
2688 463
2309 100
1954 1091
2619 211
1787 1472
295 37
1249 591
2274 1089
1965 1097
1742 1446
1357 841
2844 117
1458 233
1231 586
2203 97
2463 43
1314 852
3277 260
2668 242
2129 928
895 1199
1142 543
1977 1111
2191 1145
1951 1005
2620 124
2753 147
1943 1015
1307 731
385 919
2284 815
1215 852
1410 1442
1257 852
3137 151
1306 547
1541 1566
709 1156
2663 930
2232 45
1926 1171
1984 1031
1155 852
1234 589
874 533
2458 102
3301 377
2078 1038
1838 1031
1347 1666
2780 1148
2007 46
2475 791
2377 1090
1495 1318
1701 167
3232 150
2792 972
2924 277
2422 1090
3236 377
1771 57
1740 971
704 615
1645 167
1562 971
1331 717
1305 1544
2005 1770
2771 128
1685 1566
1543 1699
2097 350
1467 509
3283 170
1684 1446
1837 1031
2476 791
688 615
2039 1144
3358 284
1552 594
2764 147
2933 212
751 38
1346 1876
2576 930
1018 1192
2884 1090
1453 839
2716 65
1252 731
1143 1244
1434 1442
1381 711
2733 930
1468 509
1525 1648
2681 1148
2854 521
2569 1090
1256 852
1395 1422
1031 532
260 37
1687 1573
2623 304
820 615
873 616
2939 854
1941 928
1917 316
1738 1172
1253 852
2085 46
1345 1666
2571 927
2868 432
1784 1005
1479 1318
2250 411
2756 65
2452 1136
540 1625
1924 405
2395 791
2326 728
3180 144
2711 198
2769 216
2055 896
1246 1640
2893 1090
2712 198
1424 774
2603 1128
1354 731
1741 337
2734 930
1202 543
469 1623
2618 211
3278 359
2208 411
2695 432
2947 763
3005 854
2996 231
3149 282
1003 532
3481 2113
3316 223
2524 535
1403 1932
3052 227
1474 731
1864 1770
763 1030
3184 271
1443 1924
3002 579
1875 350
3310 389
747 411
2787 878
3315 284
2374 728
3210 194
2206 411
1697 484
2456 1137
1318 1876
3205 166
621 38
819 1860
415 1493
772 411
2599 147
2181 59
1304 1
2789 972
2821 524
3638 2113
2676 930
1136 586
2746 53
3637 2113
3009 854
1563 971
366 37
622 38
905 423
2740 323
1998 774
1815 1092
2701 378
2137 1015
1450 839
1332 714
1836 1111
1573 1778
1555 548
3189 375
1834 1453
2142 1038
2739 524
2432 787
3115 227
1574 1841
2002 1472
612 518
1148 1199
470 1623
367 37
3383 2113
1807 1005
3384 2113
1912 46
3140 192
2768 378
1046 1165
1644 1091
1859 1139
2205 411
3282 229
1024 1199
2882 521
1835 1360
2469 1009
414 1388
2096 405
824 513
2749 65
