1453 1099
1682 565
1998 1381
1349 1857
1615 133
1697 1170
1674 260
1673 2156
994 1417
1355 345
1384 2531
1600 88
982 1173
1800 1762
1711 1422
1127 2364
1612 2027
1303 1889
1640 529
1992 1168
2571 808
2241 1727
1431 1928
1977 1904
1354 2342
1691 401
2329 141
1278 2049
1512 1948
1005 1752
2000 2250
2134 2251
1862 267
2125 1732
2108 559
2209 1549
1479 139
1661 2029
899 591
2344 320
1389 173
2670 2255
2648 1103
1606 681
2502 606
2330 1375
1658 1866
1672 137
2447 1356
1591 1630
1841 393
2299 1044
1327 1926
1795 876
1534 285
937 1752
843 442
1655 1568
1684 876
1302 2049
2079 2184
933 1087
1695 204
1335 2171
2617 1106
2405 292
1531 350
2660 2403
2196 1233
1499 2026
1689 476
2291 164
2173 650
2402 266
1244 2330
2015 58
2201 67
1780 1422
2748 2460
2936 2042
1997 564
2111 556
2366 320
906 704
1693 1067
816 590
1309 121
1639 476
2403 271
648 356
2930 2033
2461 436
1821 1705
2654 1436
1362 149
2251 76
2165 650
1370 149
2455 399
2835 1724
1835 388
2409 451
1372 1099
1232 94
2558 554
2991 2042
646 356
1147 196
2620 751
1836 258
1340 2049
2444 1350
1257 1870
2834 1720
1609 88
2561 783
1288 1926
1671 257
1169 1603
2578 813
2317 1044
2059 1378
2400 263
1833 252
2340 311
2410 317
1859 327
2024 682
2408 311
768 1172
2437 452
1875 2103
1454 1099
2559 561
2523 813
2569 783
1955 58
1692 205
2257 106
2321 135
2793 2460
2147 67
2360 311
1710 291
1849 2320
1173 44
2235 761
2016 58
1051 1575
2253 76
1540 1190
2359 1366
1712 1202
1250 85
1360 417
2645 1102
1243 2202
2353 728
1561 329
2833 1712
1166 2252
2759 1369
2988 2646
1805 258
1957 1439
1709 269
2734 2471
2113 558
2560 780
2208 916
2254 77
2490 614
1668 129
2277 655
2080 2251
1920 472
2837 1734
2008 55
2770 2070
2464 446
2592 1806
2376 317
3063 2717
1804 255
1160 84
2413 454
911 789
2411 318
2634 1397
2396 259
2757 1364
1700 204
2947 2695
3013 2314
1755 1066
3016 2321
1395 234
1233 120
1637 83
2508 384
2216 916
2192 918
1429 1692
1130 102
2341 176
2450 251
2507 383
2338 303
2316 81
2394 259
940 1752
2526 815
2625 760
2650 1433
2548 815
1616 565
2522 812
2126 775
1829 2032
2331 1728
2326 1225
2425 734
3093 2505
2322 1550
1869 270
1793 252
2513 1260
2685 1552
2375 128
2577 1106
2144 58
1984 562
2306 656
2512 577
2813 1369
1373 1099
2011 427
2364 81
916 5
2466 634
2438 436
2725 1781
2723 1433
2678 1898
2462 441
2231 1721
2703 1953
2432 1363
2463 446
1619 777
1141 32
2649 1431
2483 1219
2931 2033
2722 1777
1231 2077
2246 1065
1375 2233
1557 202
2301 1225
2304 728
1279 2330
1676 83
2004 2245
2796 2399
915 5
726 787
2519 810
2436 263
2738 2564
917 7
2448 250
1767 142
1530 420
573 357
2218 916
1607 673
772 787
2982 2591
2542 814
2289 141
2404 432
1846 1063
1763 1548
650 340
822 950
2544 475
1029 32
1508 2169
2459 611
2537 1244
1852 2320
921 790
2574 1103
2372 1224
2614 1587
1843 1057
2414 498
2361 320
820 1084
2136 55
1931 55
2627 780
2619 751
2431 734
2831 1856
1784 1631
288 45
1930 1381
2753 1039
3099 2637
1148 147
1850 1063
2719 1428
837 294
2434 735
2510 384
1040 791
2684 1552
2356 535
2632 1599
2717 1772
1848 262
2720 1776
1596 269
1838 388
2064 58
2460 614
2485 250
2505 382
2307 535
2407 303
2520 607
2874 2652
2234 141
2393 1365
647 356
1546 2524
2642 1097
2774 1574
2818 2383
2746 1777
2718 1772
2193 67
2303 716
2129 2061
3190 2831
2576 1106
2691 751
2878 2618
2346 1799
1947 630
2711 1080
2676 2569
2315 1044
1275 1883
2283 886
2521 812
2745 1047
2751 2238
1170 2531
1367 798
1498 2026
2772 1744
1636 257
2668 760
2273 522
1307 95
2795 2598
2888 2549
2550 812
2230 1718
724 950
2785 2119
3001 2677
1792 2031
2755 1039
2458 606
1877 2370
2841 2246
2791 2126
3115 2719
2319 69
2889 2549
2701 1236
1675 83
1871 2437
2503 475
2956 2438
1241 2504
2472 1584
2804 2126
2476 1939
1441 235
2354 734
2656 1791
3219 2854
2721 1776
2677 2570
1152 100
2972 2669
2169 1147
2018 427
2771 2071
2377 498
2339 303
2415 498
644 587
1343 2330
2275 716
2736 1898
2389 1221
1547 1893
2198 1718
1608 568
1537 157
2148 682
1837 2317
2184 609
2149 819
1295 95
2005 2534
3050 2747
1426 2171
2369 498
2695 1048
1775 876
2386 107
1259 120
2345 1799
2969 2738
2768 2349
2894 1856
2282 557
2511 577
2783 2118
2690 751
1851 55
2694 1047
957 442
2313 81
2194 655
2475 1933
2002 54
2855 2382
2773 1750
3195 2854
2674 1398
2671 1921
2591 1820
2977 2554
286 45
1928 388
2465 633
3217 2854
2104 66
2801 2559
291 45
2467 634
1779 396
2545 1079
2686 1429
2764 1745
2363 1045
2114 394
2681 1953
2124 1733
2716 1552
1874 1763
989 7
2659 2420
3196 2854
1990 2172
2844 1958
1533 507
2575 1106
3058 2751
1716 2102
2579 814
2421 1584
727 587
3095 2511
1919 58
2760 1374
1614 129
838 443
2731 1791
2012 2534
1679 767
279 12
1951 1168
2726 1781
2525 814
2993 2738
1030 32
1913 2370
2517 808
1854 262
2378 1816
2382 113
3221 2854
2428 699
2417 1584
2240 2064
2499 392
1277 2434
2495 967
1554 2106
1541 1100
1323 1832
1174 171
1254 2157
1214 1959
821 950
2959 2545
928 1173
1509 2171
2151 1116
2971 2738
2554 550
1035 410
2697 1574
1798 55
3062 2716
1719 308
2061 2172
1776 768
2457 606
2456 606
2141 2536
2786 1777
2310 107
2763 1744
3060 2648
2327 1728
3098 2637
1690 456
2232 555
2190 2057
2065 58
1269 2058
1246 2425
2248 1868
2992 2545
2022 609
2370 1584
2390 126
2788 2120
2276 728
2419 1816
2624 1167
1031 32
2744 1773
2687 2126
2758 1047
2532 1805
2487 1939
1847 674
1916 1255
2665 1587
2740 751
1855 55
2706 1743
2870 2732
2381 113
1941 1904
1350 1857
1433 798
2593 1452
2073 820
1455 157
2305 734
1953 2172
2967 2644
1912 1527
1911 2231
2957 2541
2297 320
2616 754
1487 1692
1917 1255
2112 2056
2784 2116
1388 169
2836 1369
2955 2438
2787 1778
3100 2637
2782 2116
1394 172
2609 889
2433 940
2828 1856
1599 1099
2594 1268
2318 1223
1430 1865
1356 283
2066 558
620 586
2789 2206
