2884 2741
2754 1187
2886 2741
2743 1928
2991 1784
2910 1966
2742 1928
2697 1779
2753 958
3076 1970
2176 735
2557 1004
2972 296
2606 1004
1631 1704
1999 646
2748 2171
2668 1129
2709 1928
2427 2360
2624 495
1751 2782
1549 1113
3231 490
2861 1916
2604 1393
2755 874
2757 1390
3104 282
2929 1529
2168 2307
2635 2201
3036 1357
2787 2066
2745 2074
3280 2115
2862 1187
1605 949
2081 645
1993 677
3082 1975
2307 772
2734 2143
3047 1296
3121 1355
2667 1743
2463 517
1448 1703
3200 860
2189 1818
2583 1773
2832 2171
3182 1317
2082 2208
1780 2663
2951 2685
2833 2288
2949 2198
2851 1879
1328 1613
3059 1784
2786 2685
2752 1106
2890 1741
2843 1529
3013 1295
3028 1756
2192 2462
486 64
489 116
2844 837
296 15
1744 2843
2680 495
3204 1592
2597 1129
3068 766
2319 526
2175 774
2740 1777
3132 656
1710 2683
2924 1320
2914 658
2762 550
3075 873
2763 1529
2759 1390
1544 2963
2699 550
1654 979
2823 836
3146 1317
1863 2109
1204 1299
3029 1756
2741 1779
2751 1188
1856 781
1853 2663
1553 1416
2577 2143
2779 495
2717 495
3139 1787
3004 1797
1998 1816
333 34
3293 1145
2881 1758
2026 881
1851 3002
3191 656
3447 1558
3194 1787
3069 1306
1536 2616
2925 836
1252 1638
3199 764
2581 1769
3232 1138
3005 2179
3246 1144
501 233
3329 638
2848 1741
2009 907
1704 1996
1686 2984
2341 797
2030 646
2909 544
3435 1378
3161 1554
2922 2122
1017 1981
3019 1213
2939 1798
3428 1154
2784 1813
2529 495
3112 1786
3300 1526
2669 1129
2842 1779
2893 2613
2811 217
3002 1895
1559 1811
2552 1744
1718 979
2010 907
2703 2201
3265 1089
3239 1468
454 337
1758 1114
455 81
255 223
2912 433
2700 618
3079 553
1401 2915
2312 884
1437 2980
2678 958
2769 1005
3389 1145
1150 1308
3058 1782
1749 2942
2835 221
103 142
2268 2509
3170 1277
2425 2360
497 233
2193 2208
1239 1297
3275 1351
3338 1145
1750 2735
699 2767
2325 2453
3327 638
3065 549
1835 2735
2365 2509
1524 2617
1115 1507
3472 1156
979 1906
2445 2640
1604 1416
1808 2548
3247 1144
1676 2616
3352 1470
1695 949
3367 1353
2004 2204
1701 782
3311 989
2008 742
1675 2616
2798 221
1917 742
2191 2205
2048 673
1922 677
1834 2840
1515 2732
765 1802
1575 971
2911 660
2905 1780
3298 1369
3108 376
1681 2733
3241 763
3468 1727
3248 692
2871 479
2737 1769
2801 221
1914 2373
2267 2509
3242 1701
3471 1558
2309 670
1876 1030
504 3
2739 1773
610 2767
237 4
1422 3117
2915 2074
2760 1005
2856 1188
102 140
1769 736
1421 2979
3032 1756
2790 2685
3055 1784
1447 1703
2998 1384
3208 1701
3018 766
1377 2582
3035 1943
2449 2658
1833 2942
2855 1763
2964 221
3228 583
2731 2143
2744 1928
2240 526
632 265
739 1714
2682 2077
2888 2085
3325 692
3031 1756
3304 765
2576 2143
3226 282
3408 1183
2631 2077
2467 518
2545 1192
1904 2416
1745 2843
3181 1317
2878 2741
124 142
1857 1815
1807 2373
2689 2121
3371 1154
1558 1704
2916 1320
2967 282
3115 1543
2817 296
3063 545
2992 658
2764 937
3288 1068
3316 1190
1810 2548
3229 638
354 34
2857 1106
1761 2108
1861 2683
1719 979
3105 282
491 116
3198 1786
3131 1355
3276 1468
3051 1504
2039 2310
84 142
1717 979
3060 1786
1538 2732
1720 1232
3252 992
220 17
1691 2996
1212 1297
2584 1773
2045 2441
2926 553
3084 1216
3119 451
3210 998
2960 221
2368 518
136 73
249 15
3225 282
3328 583
2971 376
1707 1996
2805 221
1111 1299
498 3
2837 296
3141 860
3406 1091
1760 2352
1537 2732
1288 303
1557 949
742 361
2866 221
2917 1188
1903 2416
1996 2309
1161 247
1003 1421
2936 1006
123 141
154 41
1438 2979
1860 2004
2923 2176
1986 853
2906 1781
1235 1476
2712 874
357 15
2688 1712
2711 874
2768 1529
125 142
2758 2415
1841 2998
2863 940
2696 1773
2601 937
3178 1289
476 3
475 0
3277 1351
2940 1006
2985 433
3334 1102
1694 1215
2183 2441
1715 898
3148 655
358 3
1706 782
893 1905
2064 742
2572 2143
3150 585
2715 1743
1502 3262
3345 1145
3497 975
1692 1016
1671 2548
2170 2325
1777 2656
1519 895
2959 221
2331 2207
2364 2360
3041 1288
305 223
126 111
2232 521
2003 2109
3162 1355
683 2904
2602 1191
1778 2663
1953 2548
2852 317
1647 2983
3330 593
2978 2429
698 2773
1246 3010
1651 1811
3434 1353
3307 659
456 3
1689 2994
1578 971
1468 951
2968 217
3400 1091
106 104
616 226
1741 979
490 106
2556 937
1095 219
2704 217
1440 3117
2475 1997
2311 2428
3176 1139
2979 217
2203 793
1151 1299
2858 995
3337 1068
2904 1780
1030 1421
1467 951
1928 2324
1688 2994
1650 2996
2516 1059
1923 1815
1302 347
1765 2660
2999 1316
3443 1154
105 104
1756 2985
2521 826
3100 221
3347 451
1586 2709
1264 347
2928 553
3080 1794
1862 2109
2644 221
2585 1712
1572 895
1687 2983
758 361
2333 2453
1759 949
1743 2840
1166 347
2885 1741
1947 2328
1784 2548
1146 1297
2945 1213
1995 1817
3000 1295
3235 282
2510 2300
3062 640
1213 1507
243 136
1412 2962
3278 1697
684 2767
3350 1183
3007 1782
1702 2000
2710 1191
3040 1295
2595 995
1871 900
2827 1711
696 2773
1561 894
2733 2510
2913 433
1455 895
3464 1353
2031 681
2536 1744
1768 2683
3167 1160
3081 1970
1709 2451
1245 2924
2580 1711
3072 433
759 361
1556 949
130 73
761 1978
2918 1106
1503 971
552 319
2643 221
3145 221
2560 221
2956 221
2131 2509
3349 765
3258 1294
1859 2451
3287 1067
2681 2685
1312 347
3184 1579
363 220
3358 1494
766 1714
2462 862
1721 1232
2050 2110
2394 526
1469 971
2932 1529
2921 823
2780 2685
1018 1906
3356 1369
3264 490
1423 3257
2328 526
3399 1494
2882 1763
2190 2091
2877 2741
1847 2843
1214 247
1872 943
1152 1507
3052 1543
700 2767
2553 1712
1639 979
303 235
3405 1494
3422 692
3467 1557
1897 3002
1522 2759
2586 1777
3165 1942
1459 895
2332 518
2674 797
2636 2520
3369 1353
1436 2915
1649 3072
2002 3006
183 17
2927 1529
681 2773
2596 2651
471 145
2511 506
1814 2616
1551 3263
3070 1383
2976 1782
1638 2963
3314 1184
2052 1232
3361 1145
2806 221
1949 2373
894 1905
2690 2264
2730 1763
3410 1378
2617 1004
2339 684
609 2773
746 1714
3205 860
2954 221
1413 2978
1444 1478
3003 1970
3106 376
1632 949
2883 1763
1372 2258
295 354
2822 480
682 2773
2589 1878
3256 1138
1846 747
2947 1813
1837 2660
2732 1741
1812 2548
2980 2085
1870 3132
1579 1085
1644 2548
2830 479
2834 2353
1420 2732
2778 1393
2818 296
3185 1526
2665 2360
2829 1777
3634 1169
1840 2998
2315 562
2174 855
1403 3346
1153 1534
2649 826
351 133
3309 1790
142 141
1144 2186
2308 730
2241 684
1577 971
1767 949
2641 221
2691 663
1299 2114
2946 2685
3446 638
2908 433
3044 1361
1441 3257
685 2767
2854 1763
2051 1232
3009 2326
3295 1145
2781 1393
141 141
2598 997
3245 1089
1217 1297
1896 747
1501 3117
3174 1138
1690 2996
2615 2685
2313 775
631 361
3135 1942
2452 2665
1243 1297
2621 495
2870 433
2686 221
697 2773
2367 885
680 2804
3429 1172
3359 282
2539 1192
2887 2612
1628 2616
327 0
1199 1298
2875 2742
1094 1534
174 73
2554 1777
3286 1757
2749 662
2630 2685
2867 217
3390 1145
602 226
2677 1928
2738 1769
3109 1756
2836 296
2395 2200
3071 1186
3230 376
1435 2915
1708 2451
3216 909
1478 2709
3496 975
1203 1297
3012 217
2812 217
3130 641
3254 2115
2271 2360
3220 221
3066 860
3114 1277
3098 221
2800 221
488 23
1520 951
2765 663
565 2773
1443 3262
2490 908
1899 1883
2935 1797
359 440
1516 2980
3234 221
3077 1383
2465 2519
2108 645
246 352
3565 975
1326 3135
1748 2548
1458 895
2957 221
3180 1270
184 494
2969 282
2447 2527
1031 1534
1358 2759
1411 2915
2610 746
1249 1299
1633 894
620 226
582 27
1387 2759
3137 1139
2304 2307
1700 1815
439 133
3117 221
2894 2143
1875 979
3336 692
3417 410
3118 217
1143 2186
3227 376
2660 317
1948 2373
2476 2201
2729 2741
1540 2931
3067 1786
3340 1389
242 133
2450 999
1318 3269
147 73
2029 645
3331 1757
196 89
294 353
2166 2304
2652 826
115 111
2864 1602
606 27
3448 1091
3196 641
2868 1568
3064 658
731 55
3348 1066
2250 1031
1693 949
1545 3118
3244 1355
721 1904
3202 1381
2005 3132
1241 2674
3201 1592
557 2773
2810 217
1770 2203
3143 221
364 145
1145 2186
1163 347
3263 633
297 15
1979 2324
2374 1997
1097 305
1210 247
3089 2458
2001 3132
3129 1787
2310 619
2997 1574
1912 678
198 89
2077 2509
1550 949
1400 2750
3324 451
1781 943
2701 1529
2620 746
3441 692
1932 2525
366 440
2958 221
1432 2732
1154 1708
2559 505
2746 660
1898 3002
3140 1306
2011 1030
2525 1773
3375 1470
3125 490
1711 2845
2037 735
171 141
1434 2732
2548 797
2097 1232
1463 3014
3310 1790
767 1802
3193 656
2629 2685
2708 1711
3308 1149
1848 2782
250 15
1670 2548
1779 747
1425 951
349 34
1542 2981
2933 1006
2613 502
1333 1475
3086 2326
3251 1145
724 1802
2478 518
1442 3257
247 141
2698 666
1271 303
2605 937
2826 2741
1518 2981
2987 2742
2937 550
1138 1981
2537 2651
1287 303
1200 247
2181 526
3195 764
2930 2353
2085 681
248 15
3453 692
1305 2674
1645 894
3402 755
1679 2733
2588 1878
440 23
3291 1144
2373 517
1289 290
3107 376
1240 2674
1951 2373
1465 3298
3088 1216
2845 550
104 104
1327 1703
347 117
3049 1576
2007 678
2528 1004
3326 593
1560 1996
245 15
2970 282
750 361
2208 1031
1123 1297
3203 1701
3095 221
1548 1416
2612 618
1431 2732
